1	676	198	1
2	675	198	1
3	675	199	1
4	674	199	1
5	674	200	1
6	674	201	1
7	673	202	1
8	673	203	1
9	672	203	1
10	672	204	1
11	672	205	1
12	672	206	1
13	671	206	1
14	671	207	1
15	671	208	1
16	670	209	1
17	670	210	1
18	670	211	1
19	669	212	1
20	669	213	1
21	669	214	1
22	669	214	1
23	669	215	1
24	668	216	1
25	668	216	1
26	668	216	1
27	668	217	1
28	668	217	1
29	668	218	1
30	668	218	1
31	668	219	1
32	668	220	1
33	668	220	1
34	668	221	1
35	668	222	1
36	668	222	1
37	668	223	1
38	667	224	1
39	667	225	1
40	667	225	1
41	667	226	1
42	667	226	1
43	667	227	1
44	667	227	1
45	667	228	1
46	667	229	1
47	666	230	1
48	666	230	1
49	666	231	1
50	666	232	1
51	666	232	1
52	666	233	1
53	666	234	1
54	666	235	1
55	666	235	1
56	666	236	1
57	665	237	1
58	665	238	1
59	665	238	1
60	665	239	1
61	665	240	1
62	665	241	1
63	665	241	1
64	665	242	1
65	665	243	1
66	664	243	1
67	664	244	1
68	664	245	1
69	664	245	1
70	664	246	1
71	664	247	1
72	664	247	1
73	664	248	1
74	663	249	1
75	663	249	1
76	663	250	1
77	663	250	1
78	663	251	1
79	663	251	1
80	663	252	1
81	663	253	1
82	663	253	1
83	662	254	1
84	662	254	1
85	662	255	1
86	662	256	1
87	662	257	1
88	662	257	1
89	662	258	1
90	662	258	1
91	662	259	1
92	662	259	1
93	661	260	1
94	661	261	1
95	661	261	1
96	661	262	1
97	661	263	1
98	661	264	1
99	661	264	1
100	660	265	1
101	660	265	1
102	660	266	1
103	660	266	1
104	660	267	1
105	659	267	1
106	659	267	1
107	659	268	1
108	658	268	1
109	658	268	1
110	657	268	1
1	657	268	2
2	656	268	2
3	656	269	2
4	655	269	2
5	655	269	2
6	654	269	2
7	653	269	2
8	653	269	2
9	652	269	2
10	652	269	2
11	651	269	2
12	651	269	2
13	650	268	2
14	649	268	2
15	649	268	2
16	648	268	2
17	648	268	2
18	647	268	2
19	647	267	2
20	646	267	2
21	645	267	2
22	644	267	2
23	644	266	2
24	643	266	2
25	643	266	2
26	642	266	2
27	642	267	2
28	642	268	2
29	642	269	2
30	643	270	2
31	643	271	2
32	643	272	2
33	643	273	2
34	643	273	2
35	643	274	2
36	643	274	2
37	643	275	2
38	643	275	2
39	643	276	2
40	643	277	2
41	643	277	2
42	643	278	2
43	644	278	2
44	644	279	2
1	644	280	3
2	644	279	3
3	644	280	3
4	644	281	3
5	644	282	3
6	644	283	3
7	644	284	3
8	644	285	3
9	644	286	3
10	644	287	3
11	644	288	3
12	644	289	3
13	644	290	3
14	644	291	3
15	644	292	3
16	644	293	3
17	644	293	3
18	644	294	3
19	644	295	3
20	644	296	3
21	644	295	3
22	644	297	3
23	644	298	3
24	645	299	3
25	645	300	3
26	645	301	3
27	645	302	3
28	645	303	3
29	645	303	3
30	645	304	3
31	645	305	3
32	645	306	3
33	645	307	3
34	645	308	3
35	645	309	3
1	645	310	4
2	645	310	4
3	645	311	4
4	645	311	4
5	645	312	4
6	645	312	4
7	645	313	4
8	645	313	4
9	645	314	4
10	645	314	4
11	645	315	4
12	645	315	4
13	645	316	4
14	645	316	4
15	645	317	4
16	645	317	4
17	645	318	4
18	645	319	4
19	645	320	4
20	645	320	4
21	645	321	4
22	645	322	4
23	644	323	4
24	644	323	4
25	644	324	4
26	644	324	4
27	644	325	4
28	644	326	4
29	644	326	4
30	644	326	4
31	644	327	4
32	644	327	4
33	644	328	4
34	644	328	4
35	644	329	4
36	644	330	4
37	644	330	4
38	644	331	4
39	644	332	4
40	644	332	4
41	644	333	4
42	644	334	4
43	643	335	4
43	643	336	4
1	643	336	5
2	643	337	5
3	643	337	5
4	643	338	5
5	643	338	5
6	642	339	5
7	642	339	5
8	642	340	5
9	642	340	5
10	641	341	5
11	641	341	5
12	641	342	5
13	641	342	5
14	640	343	5
15	640	343	5
16	639	344	5
17	639	344	5
18	639	345	5
19	639	345	5
20	638	345	5
21	638	346	5
22	638	346	5
23	638	346	5
24	637	347	5
25	636	348	5
26	636	349	5
27	635	349	5
28	635	350	5
29	635	350	5
30	634	350	5
31	634	351	5
32	634	351	5
32	633	352	5
1	633	352	6
2	632	353	6
3	632	354	6
4	631	354	6
5	631	355	6
6	630	355	6
7	630	356	6
8	629	357	6
9	629	358	6
10	628	359	6
11	628	359	6
12	628	360	6
13	627	361	6
14	627	362	6
15	626	363	6
16	626	364	6
17	626	365	6
18	625	366	6
19	625	367	6
20	625	368	6
21	624	369	6
22	624	370	6
1	624	371	7
2	624	372	7
3	624	373	7
4	623	373	7
5	623	374	7
6	623	375	7
7	623	376	7
8	623	377	7
9	623	378	7
10	622	379	7
11	622	380	7
12	622	381	7
13	622	382	7
14	622	383	7
15	622	384	7
16	622	384	7
17	622	385	7
18	622	386	7
19	622	386	7
20	622	386	7
21	622	387	7
22	622	387	7
23	622	388	7
24	622	388	7
25	622	389	7
26	622	389	7
27	622	390	7
28	622	390	7
29	622	390	7
30	622	391	7
31	622	392	7
32	622	392	7
33	622	392	7
34	622	393	7
35	622	393	7
36	622	394	7
37	622	394	7
1	622	395	8
2	622	396	8
3	623	396	8
4	623	397	8
5	623	398	8
6	623	399	8
7	623	400	8
8	624	400	8
9	624	401	8
10	624	402	8
11	624	403	8
12	624	403	8
13	624	404	8
14	625	404	8
15	625	405	8
16	625	405	8
17	625	406	8
18	625	406	8
19	625	407	8
20	625	407	8
21	626	408	8
22	626	409	8
23	626	410	8
24	627	411	8
25	627	412	8
26	627	413	8
27	627	414	8
28	628	414	8
29	628	415	8
30	628	416	8
31	628	417	8
32	629	418	8
33	629	419	8
34	629	420	8
35	630	421	8
36	630	422	8
37	630	423	8
38	630	424	8
39	631	425	8
40	631	426	8
41	631	427	8
42	631	428	8
43	632	429	8
44	632	430	8
45	632	431	8
46	632	432	8
47	633	433	8
48	633	434	8
49	633	435	8
50	633	436	8
51	633	436	8
52	633	437	8
53	633	438	8
54	633	439	8
55	633	440	8
56	633	441	8
57	633	442	8
57	633	443	8
1	633	444	9
2	634	445	9
3	634	446	9
4	634	447	9
5	634	448	9
6	634	449	9
7	634	450	9
8	634	451	9
9	634	452	9
10	634	453	9
11	634	454	9
12	634	455	9
13	634	455	9
14	634	456	9
15	634	457	9
16	634	458	9
17	634	459	9
18	634	459	9
19	634	460	9
20	634	461	9
21	634	462	9
22	634	462	9
23	634	463	9
24	634	464	9
25	635	464	9
26	635	465	9
27	635	465	9
28	635	466	9
29	635	467	9
30	635	468	9
31	636	468	9
32	636	469	9
33	636	470	9
34	636	471	9
35	637	471	9
1	637	472	10
2	637	473	10
3	638	474	10
4	638	475	10
5	639	476	10
6	638	476	10
7	639	476	10
8	639	477	10
9	639	478	10
10	640	479	10
11	640	479	10
12	640	480	10
13	641	481	10
14	641	482	10
15	642	483	10
16	642	484	10
17	643	485	10
18	643	486	10
19	644	486	10
20	644	487	10
21	644	488	10
22	645	488	10
23	645	489	10
24	646	490	10
25	647	491	10
26	647	492	10
27	648	492	10
28	648	493	10
29	649	494	10
30	649	495	10
31	650	495	10
32	650	496	10
33	651	496	10
34	651	497	10
35	652	498	10
36	653	499	10
37	654	500	10
38	654	501	10
1	655	501	11
2	655	502	11
3	656	502	11
4	656	503	11
5	657	503	11
6	657	504	11
7	658	504	11
8	658	505	11
9	659	505	11
10	659	506	11
11	660	507	11
12	661	508	11
13	662	509	11
14	662	510	11
15	663	510	11
16	663	511	11
17	664	511	11
18	664	512	11
19	665	512	11
20	665	513	11
21	666	513	11
22	666	514	11
23	667	515	11
24	667	516	11
25	667	516	11
26	668	517	11
27	668	518	11
28	668	519	11
29	669	520	11
30	669	521	11
31	669	522	11
32	669	523	11
33	670	524	11
34	669	524	11
35	669	525	11
36	669	526	11
37	669	527	11
38	669	527	11
39	669	528	11
40	669	529	11
41	669	530	11
42	669	531	11
43	668	532	11
44	668	533	11
45	668	534	11
46	668	535	11
47	667	536	11
48	667	537	11
49	667	538	11
1	667	539	12
2	666	539	12
3	666	540	12
4	666	541	12
5	666	542	12
6	666	543	12
7	665	543	12
8	665	544	12
9	665	545	12
10	665	546	12
11	665	547	12
12	664	547	12
13	664	548	12
14	664	549	12
15	664	550	12
16	663	551	12
17	663	552	12
18	663	553	12
19	663	554	12
20	663	555	12
21	663	556	12
22	663	557	12
23	663	558	12
24	663	559	12
25	663	560	12
26	663	561	12
27	663	562	12
28	664	562	12
29	664	563	12
30	664	564	12
31	664	565	12
32	664	566	12
33	664	567	12
34	664	568	12
35	664	568	12
36	665	569	12
37	664	570	12
38	664	571	12
39	664	572	12
40	664	573	12
41	663	573	12
42	663	574	12
43	663	575	12
44	662	576	12
45	662	577	12
46	662	578	12
47	661	578	12
48	661	579	12
49	661	580	12
50	660	580	12
51	660	581	12
52	660	582	12
53	659	583	12
54	659	584	12
55	659	585	12
56	658	585	12
57	658	586	12
58	658	587	12
59	657	588	12
60	657	589	12
61	656	590	12
62	656	591	12
63	656	592	12
64	655	592	12
65	655	593	12
66	655	594	12
67	654	594	12
68	654	595	12
69	654	596	12
70	653	597	12
71	653	598	12
72	652	599	12
73	652	600	12
74	651	601	12
75	651	602	12
76	650	602	12
77	650	603	12
78	650	604	12
79	649	604	12
80	649	605	12
81	648	606	12
82	648	607	12
83	647	607	12
84	647	608	12
85	647	609	12
86	646	609	12
87	646	610	12
88	645	611	12
89	645	612	12
90	644	612	12
91	644	613	12
92	644	614	12
93	643	614	12
94	643	615	12
95	642	616	12
96	642	616	12
97	642	617	12
98	642	618	12
99	642	619	12
100	642	620	12
101	642	621	12
102	642	622	12
103	642	623	12
1	624	368	82
2	623	368	82
3	622	367	82
4	621	367	82
5	620	367	82
6	619	367	82
7	618	367	82
8	617	367	82
9	616	367	82
10	615	366	82
11	614	366	82
12	613	366	82
13	612	366	82
14	612	367	82
15	611	367	82
16	610	367	82
17	609	367	82
18	608	367	82
19	607	367	82
20	606	367	82
21	605	367	82
22	604	367	82
23	603	367	82
24	602	367	82
25	601	367	82
26	600	367	82
27	599	368	82
28	598	368	82
29	597	369	82
30	596	369	82
31	596	368	82
32	595	368	82
33	594	368	82
34	593	368	82
35	593	367	82
36	592	367	82
37	591	367	82
38	590	366	82
39	589	366	82
40	589	365	82
41	588	365	82
42	587	365	82
43	587	365	82
44	586	364	82
45	585	364	82
46	584	364	82
47	583	364	82
48	582	364	82
49	581	364	82
1	580	365	22
2	580	366	22
3	579	367	22
4	579	368	22
5	578	368	22
6	578	369	22
7	578	370	22
8	577	371	22
9	577	372	22
10	576	372	22
11	576	373	22
12	575	374	22
13	575	375	22
14	575	376	22
15	574	376	22
16	574	377	22
17	574	378	22
18	574	379	22
19	573	379	22
20	573	380	22
21	573	381	22
22	572	382	22
23	572	383	22
24	571	384	22
25	571	385	22
26	570	386	22
27	570	387	22
28	569	387	22
29	569	388	22
30	568	389	22
31	568	390	22
32	567	391	22
33	567	392	22
34	566	392	22
35	566	393	22
36	565	393	22
37	565	394	22
38	564	394	22
39	563	394	22
40	563	395	22
41	562	395	22
42	561	395	22
43	560	395	22
44	560	396	22
45	559	396	22
46	558	396	22
47	557	397	22
48	556	397	22
49	555	397	22
50	554	398	22
51	553	398	22
52	552	399	22
53	551	399	22
54	550	399	22
55	549	399	22
56	549	400	22
57	548	400	22
58	547	400	22
59	546	401	22
60	545	401	22
61	544	401	22
62	543	401	22
63	543	402	22
64	542	402	22
65	541	402	22
66	540	403	22
67	539	403	22
68	539	403	22
69	538	403	22
70	538	404	22
71	537	404	22
72	536	404	22
73	536	404	22
74	535	405	22
75	535	406	22
76	534	406	22
77	534	407	22
78	533	407	22
79	533	408	22
80	532	408	22
81	532	409	22
82	531	409	22
83	531	410	22
84	530	410	22
85	530	411	22
86	529	411	22
87	529	412	22
88	529	412	22
89	528	413	22
90	528	413	22
91	527	413	22
92	527	414	22
93	527	414	22
94	527	414	22
95	526	415	22
96	525	415	22
97	525	415	22
98	524	416	22
99	524	416	22
100	523	416	22
101	522	416	22
102	521	416	22
103	521	417	22
104	520	417	22
105	520	417	22
106	519	417	22
107	519	417	22
108	518	417	22
109	517	418	22
110	517	418	22
111	516	418	22
112	515	418	22
113	514	418	22
114	514	419	22
115	513	419	22
116	512	419	22
117	512	418	22
118	511	418	22
119	510	418	22
120	509	418	22
121	508	417	22
122	507	417	22
123	506	417	22
124	506	417	22
125	505	416	22
126	504	416	22
127	503	416	22
128	502	416	22
129	501	415	22
130	501	415	22
131	500	415	22
132	499	415	22
133	498	415	22
134	497	414	22
135	496	414	22
136	495	414	22
137	494	414	22
138	493	414	22
139	492	414	22
140	491	414	22
141	490	414	22
142	489	414	22
143	488	414	22
144	487	414	22
145	486	414	22
146	485	414	22
147	484	414	22
148	483	414	22
149	482	414	22
150	482	414	22
151	481	414	22
152	480	414	22
153	479	414	22
154	478	414	22
155	477	414	22
156	476	414	22
157	476	414	22
158	475	414	22
159	474	414	22
160	472	414	22
161	471	414	22
162	470	414	22
163	469	414	22
164	468	414	22
165	467	414	22
166	466	414	22
167	465	414	22
168	465	414	22
169	464	414	22
170	463	414	22
171	462	414	22
172	461	414	22
173	461	415	22
174	460	415	22
175	459	415	22
176	458	416	22
177	457	416	22
178	456	417	22
179	455	418	22
180	454	418	22
181	453	419	22
182	453	419	22
183	452	420	22
184	451	420	22
185	450	420	22
186	450	421	22
187	449	421	22
188	448	421	22
189	447	421	22
190	446	421	22
191	445	421	22
192	445	421	22
193	444	421	22
194	443	421	22
195	442	421	22
196	441	421	22
197	440	421	22
198	439	421	22
199	438	422	22
200	438	422	22
201	437	422	22
202	436	422	22
203	435	423	22
204	434	423	22
205	434	423	22
206	433	423	22
207	432	423	22
208	432	424	22
209	431	424	22
210	430	424	22
211	430	424	22
212	429	424	22
213	427	424	22
214	426	424	22
215	426	425	22
216	426	424	22
217	425	424	22
218	424	424	22
219	423	423	22
220	422	423	22
221	421	423	22
222	420	422	22
223	420	422	22
224	419	421	22
225	418	421	22
226	417	420	22
227	416	419	22
228	415	419	22
229	415	418	22
230	414	418	22
231	413	417	22
232	412	416	22
233	412	416	22
234	411	415	22
235	410	415	22
236	409	414	22
1	408	414	65
2	407	415	65
3	406	415	65
4	405	415	65
5	404	415	65
6	403	415	65
7	402	415	65
8	401	415	65
9	401	416	65
10	400	417	65
11	400	418	65
12	399	419	65
13	399	420	65
14	398	420	65
15	398	421	65
16	397	421	65
17	396	422	65
18	395	423	65
19	394	423	65
20	394	424	65
21	393	424	65
22	392	425	65
23	392	425	65
24	391	425	65
25	390	426	65
26	389	427	65
27	389	427	65
28	388	428	65
29	387	428	65
30	386	429	65
31	385	430	65
32	384	431	65
33	382	431	65
34	381	431	65
35	380	430	65
36	379	430	65
37	378	430	65
38	377	430	65
39	376	430	65
40	375	430	65
41	374	430	65
42	373	431	65
43	372	431	65
44	371	431	65
45	369	432	65
46	368	432	65
47	367	432	65
48	366	432	65
49	365	432	65
50	364	433	65
51	363	433	65
52	362	433	65
53	361	433	65
54	360	433	65
55	359	433	65
56	358	434	65
57	357	434	65
58	356	434	65
59	356	433	65
60	356	432	65
1	356	431	75
2	356	430	75
3	356	429	75
4	356	428	75
5	355	428	75
6	355	426	75
7	355	425	75
8	356	424	75
9	356	423	75
10	356	422	75
11	356	421	75
12	356	420	75
13	356	419	75
14	356	417	75
15	356	416	75
16	356	415	75
17	356	415	75
18	356	414	75
19	356	413	75
20	357	412	75
21	357	411	75
22	357	410	75
23	357	409	75
24	357	408	75
25	358	407	75
26	358	406	75
27	358	405	75
28	358	404	75
29	359	403	75
30	359	402	75
31	359	401	75
32	360	400	75
33	360	399	75
34	361	399	75
35	361	397	75
36	361	396	75
37	361	395	75
38	360	395	75
39	359	394	75
40	358	393	75
41	357	393	75
42	356	392	75
43	355	392	75
44	355	392	75
45	354	391	75
46	353	391	75
47	352	390	75
48	351	390	75
49	350	390	75
50	346	386	75
51	345	386	75
1	344	386	67
2	343	386	67
3	342	386	67
4	341	386	67
5	341	387	67
6	340	387	67
7	339	387	67
8	338	388	67
9	337	389	67
10	336	390	67
11	336	391	67
12	335	392	67
13	334	393	67
14	334	393	67
15	333	394	67
16	332	395	67
17	332	396	67
18	331	396	67
19	330	397	67
20	329	397	67
21	329	398	67
22	328	398	67
23	328	398	67
24	327	399	67
25	326	399	67
26	326	400	67
27	325	400	67
28	324	400	67
29	323	401	67
30	323	401	67
31	323	402	67
32	322	403	67
33	322	404	67
34	321	405	67
35	321	405	67
36	321	406	67
37	320	406	67
38	320	407	67
39	320	408	67
40	319	408	67
41	319	409	67
42	318	409	67
43	318	410	67
44	318	410	67
45	317	411	67
46	317	412	67
47	317	412	67
48	317	413	67
49	316	413	67
50	316	414	67
51	315	415	67
52	315	416	67
53	315	417	67
54	314	417	67
55	314	418	67
56	313	419	67
57	313	420	67
58	313	421	67
59	312	421	67
60	312	422	67
61	312	423	67
62	312	424	67
63	312	425	67
64	312	426	67
65	311	427	67
65	310	427	67
65	310	428	67
66	309	428	67
67	308	430	67
68	307	431	67
68	306	431	67
68	306	432	67
69	305	433	67
69	305	434	67
70	304	435	67
71	303	436	67
72	302	437	67
73	301	438	67
74	299	438	67
75	298	438	67
76	297	438	67
77	296	439	67
77	295	439	67
78	294	440	67
79	294	441	67
79	293	441	67
79	293	442	67
80	292	443	67
81	292	444	67
81	292	445	67
81	292	446	67
81	291	446	67
82	291	447	67
83	291	449	67
84	291	450	67
84	291	451	67
84	291	452	67
84	291	453	67
84	290	453	67
84	290	454	67
84	289	455	67
85	289	456	67
86	288	456	67
1	288	457	77
2	288	458	77
3	287	458	77
4	286	458	77
5	286	459	77
6	284	460	77
7	284	461	77
8	283	461	77
9	283	462	77
10	283	463	77
11	283	464	77
12	283	462	77
13	282	464	77
14	282	465	77
15	282	466	77
16	281	466	77
17	280	466	77
18	279	466	77
19	279	467	77
20	279	468	77
21	279	469	77
22	279	470	77
23	278	470	77
24	278	471	77
25	278	472	77
26	278	473	77
27	278	474	77
28	278	475	77
29	278	476	77
30	278	477	77
31	277	477	77
32	277	478	77
33	277	479	77
34	277	480	77
35	277	481	77
36	277	482	77
37	277	483	77
38	277	484	77
39	276	484	77
40	276	485	77
41	276	486	77
42	276	487	77
43	276	488	77
44	275	488	77
45	275	489	77
46	275	490	77
47	275	491	77
48	275	492	77
49	274	492	77
50	274	493	77
51	274	494	77
52	274	495	77
53	273	495	77
54	273	496	77
55	273	495	77
56	273	497	77
57	273	498	77
58	273	499	77
59	272	499	77
60	271	499	77
61	271	500	77
62	270	500	77
63	270	501	77
64	270	502	77
65	270	503	77
66	270	504	77
67	270	505	77
68	270	506	77
69	270	507	77
70	270	508	77
71	270	509	77
72	270	510	77
73	270	511	77
74	270	512	77
75	270	513	77
76	270	514	77
77	270	515	77
78	270	516	77
79	270	517	77
80	270	518	77
81	270	519	77
82	270	520	77
83	270	521	77
84	270	522	77
85	270	523	77
86	270	524	77
87	269	524	77
88	269	525	77
89	269	527	77
90	269	526	77
91	269	527	77
92	269	528	77
93	269	529	77
94	268	529	77
95	268	530	77
96	268	531	77
97	268	532	77
98	268	533	77
99	269	533	77
100	269	534	77
101	269	535	77
102	270	533	77
103	270	533	77
104	271	533	77
105	272	533	77
106	273	533	77
107	274	533	77
108	274	534	77
109	275	534	77
110	276	534	77
111	277	534	77
112	278	534	77
113	279	535	77
114	280	535	77
115	281	535	77
116	282	536	77
117	283	536	77
118	284	537	77
119	285	538	77
120	286	538	77
121	287	538	77
122	287	537	77
123	288	537	77
124	288	536	77
125	289	536	77
126	289	535	77
127	289	535	77
128	290	535	77
129	291	535	77
130	292	535	77
131	292	536	77
132	292	537	77
133	293	537	77
134	294	537	77
135	294	538	77
136	294	539	77
137	295	539	77
138	295	540	77
139	295	541	77
140	296	541	77
141	297	542	77
142	297	543	77
143	298	544	77
144	299	545	77
145	299	546	77
146	300	547	77
147	300	548	77
1	409	414	64
2	409	413	64
3	408	413	64
4	408	412	64
5	407	411	64
6	407	411	64
7	406	410	64
8	406	409	64
9	406	408	64
10	406	407	64
11	406	406	64
12	406	405	64
13	406	404	64
14	407	403	64
15	407	402	64
16	406	402	64
17	405	402	64
18	404	402	64
19	404	401	64
20	404	400	64
21	404	399	64
22	404	398	64
23	404	397	64
24	405	396	64
25	405	395	64
26	405	394	64
27	406	394	64
28	406	393	64
29	407	392	64
30	408	391	64
31	408	390	64
32	409	390	64
33	409	389	64
34	410	388	64
35	410	387	64
36	410	386	64
37	410	385	64
38	410	384	64
39	410	384	64
40	410	383	64
41	410	382	64
42	410	381	64
43	410	380	64
44	410	379	64
45	410	378	64
46	410	377	64
47	410	376	64
48	411	376	64
49	411	374	64
50	412	371	64
51	413	371	64
52	413	370	64
53	413	369	64
54	413	369	64
55	413	368	64
56	412	368	64
57	412	368	64
58	412	367	64
59	411	367	64
60	411	367	64
61	410	365	64
62	409	365	64
63	409	364	64
64	409	364	64
65	409	363	64
66	410	363	64
67	410	362	64
68	410	361	64
69	410	360	64
70	411	360	64
71	411	360	64
72	411	359	64
73	412	359	64
74	412	359	64
75	412	358	64
76	413	358	64
77	414	357	64
78	415	356	64
79	418	354	64
80	419	353	64
81	419	353	64
82	419	352	64
83	420	351	64
84	420	350	64
85	419	350	64
1	419	349	66
2	418	349	66
3	417	348	66
4	416	347	66
5	415	346	66
6	413	345	66
7	412	344	66
8	411	343	66
9	411	343	66
10	410	344	66
11	409	343	66
12	409	343	66
13	408	343	66
14	407	343	66
15	407	343	66
16	406	343	66
17	405	343	66
18	404	343	66
19	404	344	66
20	404	344	66
21	404	344	66
22	403	344	66
23	403	344	66
24	403	344	66
25	403	343	66
26	403	343	66
27	403	343	66
28	402	342	66
29	402	341	66
30	401	341	66
31	401	340	66
32	400	340	66
33	400	340	66
34	400	341	66
35	400	341	66
36	399	341	66
37	399	342	66
38	398	342	66
39	397	342	66
40	397	343	66
41	396	343	66
42	395	343	66
43	394	343	66
44	394	343	66
45	392	344	66
46	391	343	66
47	390	343	66
48	389	343	66
49	388	343	66
50	387	343	66
51	386	345	66
52	384	346	66
53	383	346	66
54	382	346	66
55	381	346	66
56	381	347	66
57	380	347	66
58	380	348	66
59	379	348	66
60	378	349	66
61	377	349	66
62	377	350	66
63	376	350	66
64	375	351	66
65	374	351	66
66	372	353	66
67	371	353	66
68	369	355	66
69	367	357	66
70	367	358	66
71	366	359	66
72	365	359	66
73	364	361	66
74	363	362	66
75	362	363	66
76	362	364	66
77	361	365	66
78	361	366	66
79	360	367	66
80	360	368	66
81	359	369	66
82	359	369	66
83	359	369	66
84	359	370	66
85	358	370	66
86	358	371	66
87	357	371	66
88	357	372	66
89	357	372	66
90	356	372	66
91	356	373	66
92	356	374	66
93	357	374	66
94	357	375	66
95	357	376	66
96	356	376	66
97	355	377	66
98	354	377	66
99	353	377	66
100	352	377	66
101	351	377	66
102	351	378	66
103	350	379	66
104	350	379	66
105	350	380	66
106	350	381	66
107	349	383	66
108	348	384	66
109	347	385	66
110	346	385	66
111	345	385	66
112	344	385	66
113	344	386	66
114	347	386	66
115	347	387	66
116	348	387	66
117	349	388	66
118	350	389	66
1	422	349	60
2	423	349	60
3	424	349	60
4	425	349	60
5	426	349	60
6	427	350	60
7	428	350	60
8	429	350	60
9	429	351	60
10	430	351	60
11	431	351	60
12	432	351	60
13	432	352	60
14	433	352	60
15	434	352	60
16	435	352	60
17	436	352	60
18	436	353	60
19	437	353	60
20	438	353	60
21	439	353	60
22	440	352	60
23	440	351	60
24	441	351	60
25	441	350	60
26	442	349	60
27	443	347	60
28	444	347	60
29	444	346	60
30	444	345	60
31	444	344	60
32	444	343	60
33	444	342	60
34	444	341	60
35	444	340	60
36	444	339	60
37	445	338	60
38	446	337	60
39	446	336	60
40	446	335	60
41	447	334	60
42	448	334	60
43	448	333	60
44	448	332	60
45	448	331	60
46	448	330	60
47	448	329	60
48	448	328	60
49	448	327	60
50	448	326	60
51	448	325	60
52	448	324	60
53	447	324	60
54	447	323	60
55	447	322	60
56	446	321	60
57	446	320	60
58	446	319	60
59	446	318	60
60	445	318	60
61	446	318	60
62	446	317	60
63	447	317	60
64	447	316	60
65	448	316	60
66	448	315	60
67	449	315	60
68	450	315	60
69	451	315	60
70	452	315	60
71	453	314	60
72	454	314	60
73	455	313	60
74	456	312	60
75	457	312	60
76	457	311	60
77	458	310	60
78	458	309	60
79	458	308	60
80	458	307	60
81	459	306	60
82	460	305	60
83	460	304	60
84	460	303	60
85	460	302	60
86	460	301	60
87	461	301	60
88	461	300	60
89	462	300	60
90	463	300	60
91	464	299	60
92	466	298	60
93	467	296	60
94	470	294	60
95	471	293	60
1	472	292	80
2	473	292	80
3	474	293	80
4	475	294	80
5	476	294	80
6	477	294	80
7	478	294	80
8	479	294	80
9	480	294	80
10	481	295	80
11	482	295	80
12	484	295	80
13	486	296	80
14	488	297	80
15	491	297	80
16	492	298	80
17	494	299	80
18	496	299	80
19	498	300	80
20	500	301	80
21	502	300	80
22	504	299	80
23	506	298	80
24	508	297	80
25	510	297	80
26	511	298	80
27	513	299	80
28	514	299	80
29	516	299	80
30	517	298	80
31	518	298	80
32	519	298	80
33	521	298	80
34	523	298	80
35	523	296	80
36	523	294	80
37	523	293	80
38	524	292	80
1	524	290	83
2	525	290	83
3	526	290	83
4	527	291	83
5	527	290	83
6	527	289	83
7	527	288	83
8	528	287	83
9	529	286	83
10	530	285	83
11	532	285	83
12	534	285	83
13	536	285	83
14	538	284	83
15	540	284	83
16	542	283	83
17	544	283	83
18	545	283	83
19	547	283	83
20	548	283	83
21	549	283	83
22	550	284	83
23	552	284	83
24	553	284	83
25	554	284	83
26	555	284	83
27	557	284	83
28	558	284	83
29	559	283	83
30	561	282	83
31	562	280	83
32	563	278	83
33	563	277	83
34	563	276	83
35	564	275	83
36	565	275	83
37	566	273	83
38	567	272	83
39	568	271	83
40	569	270	83
41	570	269	83
42	571	268	83
43	573	267	83
44	574	266	83
45	575	265	83
46	577	263	83
47	579	262	83
48	580	261	83
49	581	259	83
50	582	258	83
51	583	257	83
52	583	256	83
53	584	255	83
54	584	254	83
1	633	430	41
2	634	429	41
3	634	429	41
4	635	429	41
5	636	429	41
6	637	429	41
7	638	429	41
8	639	428	41
9	640	428	41
10	641	428	41
11	642	428	41
12	642	427	41
13	642	426	41
14	643	426	41
15	643	425	41
16	644	424	41
17	644	423	41
18	644	423	41
19	645	422	41
20	645	422	41
21	645	421	41
22	645	421	41
23	646	420	41
24	646	419	41
25	647	418	41
26	648	418	41
27	648	417	41
28	649	417	41
29	649	416	41
30	650	416	41
31	651	415	41
32	652	415	41
33	652	415	41
34	653	414	41
35	654	414	41
36	655	414	41
37	656	414	41
38	657	415	41
1	658	415	51
2	659	415	51
3	660	416	51
4	661	416	51
5	661	416	51
6	662	416	51
7	663	417	51
8	664	417	51
9	665	417	51
10	666	417	51
11	666	417	51
12	667	417	51
13	668	417	51
14	669	418	51
15	670	418	51
16	671	418	51
17	672	418	51
18	673	418	51
19	674	419	51
20	675	419	51
21	676	419	51
22	677	419	51
23	677	418	51
24	678	418	51
25	678	417	51
26	679	417	51
27	679	416	51
28	680	416	51
29	681	415	51
30	682	415	51
31	682	414	51
32	683	414	51
33	684	414	51
34	685	414	51
35	686	414	51
36	687	414	51
37	688	414	51
38	689	414	51
39	689	415	51
40	690	415	51
41	691	415	51
42	692	415	51
43	693	416	51
44	694	416	51
45	694	417	51
46	695	417	51
47	695	417	51
48	696	417	51
49	697	417	51
50	698	417	51
51	699	418	51
52	700	418	51
53	700	419	51
54	701	419	51
55	702	419	51
1	702	419	52
2	703	420	52
3	704	420	52
4	705	420	52
5	706	421	52
6	707	421	52
7	708	422	52
8	708	422	52
9	709	422	52
10	710	422	52
11	711	422	52
12	712	422	52
13	713	422	52
14	714	422	52
15	715	423	52
16	716	423	52
17	717	423	52
18	718	424	52
19	719	424	52
20	719	424	52
21	720	425	52
22	721	425	52
23	721	426	52
24	722	426	52
25	722	427	52
26	723	427	52
27	724	428	52
28	724	428	52
29	725	429	52
30	725	430	52
31	726	430	52
32	727	431	52
33	728	432	52
34	729	433	52
35	729	433	52
36	730	434	52
37	730	434	52
38	731	434	52
39	732	434	52
40	732	435	52
41	733	435	52
42	734	436	52
43	735	436	52
44	736	436	52
45	736	437	52
46	737	437	52
47	738	438	52
48	739	438	52
49	739	438	52
50	739	439	52
51	740	439	52
52	741	439	52
53	742	439	52
54	743	439	52
55	744	438	52
56	745	438	52
57	746	438	52
58	746	437	52
59	747	437	52
60	748	437	52
61	749	437	52
62	750	437	52
63	751	437	52
63	752	438	52
1	753	438	54
2	754	439	54
3	755	439	54
4	756	440	54
5	757	440	54
6	758	441	54
7	759	441	54
8	760	441	54
9	760	442	54
10	761	442	54
11	762	442	54
12	763	442	54
13	764	442	54
14	765	441	54
15	766	441	54
16	767	441	54
17	768	441	54
18	769	441	54
19	769	442	54
20	770	442	54
21	771	442	54
22	772	442	54
23	772	441	54
24	773	441	54
25	773	440	54
26	774	440	54
27	774	439	54
28	775	438	54
29	776	438	54
30	777	439	54
31	777	440	54
32	778	440	54
33	779	441	54
34	780	441	54
35	780	442	54
36	781	442	54
36	781	443	54
1	782	443	76
2	783	444	76
3	784	444	76
4	785	444	76
5	785	443	76
6	785	442	76
7	786	442	76
8	786	441	76
9	786	440	76
10	787	439	76
11	787	438	76
12	787	437	76
13	787	436	76
14	788	435	76
15	788	434	76
16	788	433	76
17	788	432	76
18	788	431	76
19	788	430	76
20	788	429	76
21	788	428	76
22	788	427	76
23	788	426	76
24	789	424	76
25	789	423	76
26	789	422	76
27	789	421	76
28	789	419	76
29	790	418	76
30	790	417	76
31	790	416	76
32	791	415	76
33	791	414	76
34	791	413	76
35	792	413	76
36	792	412	76
37	792	411	76
38	792	410	76
39	793	409	76
40	793	408	76
41	794	406	76
42	794	405	76
43	794	404	76
44	795	403	76
45	796	402	76
46	796	401	76
47	797	400	76
48	797	399	76
49	797	398	76
50	797	396	76
51	797	395	76
52	796	394	76
53	796	393	76
54	795	393	76
55	795	392	76
56	795	391	76
57	795	390	76
58	794	389	76
59	793	388	76
60	793	387	76
61	792	387	76
62	792	386	76
63	791	385	76
64	791	384	76
65	790	383	76
66	789	383	76
67	789	382	76
68	788	381	76
69	787	379	76
70	786	378	76
71	786	377	76
72	785	377	76
73	784	375	76
74	783	374	76
75	782	372	76
76	781	371	76
77	780	371	76
78	779	370	76
79	779	369	76
80	779	368	76
81	779	367	76
82	779	366	76
83	779	364	76
84	779	364	76
85	779	363	76
86	779	362	76
87	779	361	76
88	778	361	76
89	778	360	76
90	778	359	76
91	778	358	76
92	778	357	76
93	777	356	76
94	777	355	76
95	777	354	76
96	777	354	76
97	777	353	76
98	777	353	76
99	777	353	76
100	777	353	76
101	777	352	76
102	777	351	76
103	777	349	76
104	776	349	76
105	776	347	76
106	776	346	76
107	776	345	76
108	776	344	76
109	775	344	76
110	775	343	76
111	775	343	76
112	775	342	76
113	774	341	76
114	774	340	76
115	774	339	76
1	774	337	50
2	774	336	50
3	773	335	50
4	773	334	50
5	773	333	50
6	772	332	50
7	771	332	50
8	770	331	50
9	769	331	50
10	768	331	50
11	767	331	50
12	766	330	50
13	765	330	50
14	764	330	50
15	763	329	50
16	762	329	50
17	761	328	50
18	760	328	50
19	760	327	50
20	759	327	50
21	758	326	50
22	757	326	50
23	757	325	50
24	756	325	50
25	755	324	50
26	754	324	50
27	753	324	50
28	752	324	50
29	751	324	50
30	750	324	50
31	749	324	50
32	749	325	50
33	748	325	50
34	747	325	50
35	746	325	50
36	745	326	50
37	745	327	50
38	745	327	50
39	745	327	50
40	746	328	50
41	746	329	50
42	746	330	50
43	746	330	50
44	746	331	50
45	745	332	50
46	745	333	50
47	744	333	50
48	743	333	50
49	742	332	50
50	742	331	50
51	742	331	50
52	742	330	50
53	742	331	50
54	742	331	50
55	741	331	50
56	741	331	50
57	740	332	50
58	740	333	50
59	740	333	50
60	740	333	50
61	739	334	50
62	738	334	50
63	737	334	50
64	737	334	50
65	736	334	50
66	735	334	50
1	734	335	32
2	734	335	32
3	734	335	32
4	733	335	32
5	732	335	32
6	731	335	32
7	731	335	32
8	730	335	32
9	730	334	32
10	730	334	32
11	730	333	32
12	729	333	32
13	728	333	32
14	727	333	32
15	726	333	32
16	725	333	32
17	724	333	32
18	723	332	32
19	723	332	32
20	722	331	32
21	722	330	32
22	721	329	32
23	721	328	32
24	720	327	32
25	720	326	32
26	719	325	32
27	719	324	32
28	719	323	32
29	719	322	32
30	719	322	32
31	718	321	32
32	718	320	32
33	717	319	32
34	717	318	32
35	716	317	32
36	715	317	32
37	715	317	32
38	714	317	32
39	713	316	32
40	712	316	32
41	711	316	32
42	710	316	32
43	709	315	32
44	708	315	32
45	707	315	32
46	706	315	32
47	705	315	32
48	705	315	32
49	704	314	32
50	703	314	32
51	703	313	32
52	702	313	32
53	702	312	32
54	701	312	32
55	700	312	32
56	699	311	32
57	699	311	32
58	698	310	32
59	697	310	32
60	696	310	32
61	695	310	32
62	694	310	32
63	692	309	32
64	691	309	32
65	690	308	32
66	689	308	32
67	688	308	32
68	687	307	32
69	687	306	32
70	687	306	32
71	687	305	32
72	686	305	32
73	686	305	32
74	685	305	32
75	684	304	32
76	684	304	32
77	683	304	32
78	682	303	32
79	682	303	32
80	681	302	32
81	680	302	32
82	679	301	32
83	679	301	32
84	678	300	32
85	678	300	32
86	677	299	32
87	677	298	32
88	676	298	32
89	675	297	32
90	675	296	32
91	675	295	32
92	675	295	32
93	675	295	32
94	675	294	32
95	674	294	32
96	673	294	32
97	673	293	32
98	673	292	32
99	672	291	32
100	671	290	32
101	670	289	32
102	670	288	32
103	670	287	32
104	669	286	32
105	669	285	32
106	669	284	32
107	669	283	32
108	668	283	32
109	668	282	32
110	668	281	32
111	668	280	32
112	667	280	32
113	667	279	32
114	667	278	32
115	666	278	32
116	666	277	32
117	665	277	32
118	665	276	32
119	664	276	32
120	664	275	32
121	665	275	32
122	665	274	32
123	666	273	32
124	666	272	32
125	665	272	32
126	665	271	32
127	664	271	32
128	664	271	32
129	663	270	32
130	662	269	32
131	661	269	32
132	661	268	32
133	660	268	32
134	660	267	32
1	779	369	57
2	777	369	57
3	776	369	57
4	774	369	57
5	774	369	57
6	773	369	57
7	772	369	57
8	770	369	57
9	769	369	57
10	768	370	57
11	767	371	57
12	766	372	57
13	765	373	57
14	763	373	57
15	761	374	57
16	760	375	57
17	759	375	57
18	758	375	57
19	757	375	57
20	756	375	57
21	755	375	57
22	754	376	57
23	754	376	57
24	754	377	57
25	754	378	57
26	753	379	57
27	753	381	57
28	753	382	57
29	752	384	57
30	752	385	57
31	752	387	57
32	751	388	57
33	751	389	57
34	751	390	57
35	752	391	57
36	753	391	57
37	754	391	57
1	755	392	55
2	755	392	55
3	756	392	55
4	757	392	55
5	757	392	55
6	758	392	55
7	759	392	55
8	760	392	55
9	760	393	55
10	761	393	55
11	762	393	55
12	763	394	55
13	763	395	55
14	763	395	55
15	764	395	55
16	764	396	55
17	765	396	55
18	765	397	55
19	766	397	55
20	766	398	55
21	767	398	55
22	767	399	55
23	768	400	55
24	768	400	55
25	769	401	55
26	769	401	55
27	770	402	55
28	770	403	55
29	771	403	55
30	771	404	55
31	772	404	55
32	772	405	55
33	773	405	55
34	773	406	55
35	774	406	55
36	774	407	55
37	775	407	55
38	776	408	55
39	776	409	55
40	777	409	55
41	777	410	55
42	777	410	55
43	778	411	55
44	779	412	55
45	779	411	55
46	780	412	55
47	780	413	55
48	781	413	55
49	781	414	55
50	781	414	55
51	782	415	55
52	783	416	55
53	783	417	55
54	783	418	55
55	784	419	55
56	785	419	55
57	785	420	55
58	785	421	55
59	786	421	55
60	787	421	55
61	788	420	55
62	789	420	55
63	789	421	55
1	642	620	31
1	641	619	31
2	641	620	31
3	640	620	31
4	640	621	31
5	640	622	31
6	640	623	31
7	639	623	31
8	638	623	31
9	637	623	31
10	636	623	31
11	635	623	31
12	634	623	31
13	633	623	31
14	631	623	31
15	633	623	31
16	632	623	31
17	630	623	31
18	629	623	31
19	628	623	31
20	628	623	31
21	628	624	31
22	627	624	31
23	626	624	31
24	626	624	31
25	625	625	31
26	625	625	31
27	624	625	31
28	623	626	31
29	623	626	31
30	623	626	31
31	622	627	31
32	622	627	31
33	621	627	31
34	621	627	31
35	620	628	31
36	620	628	31
37	619	628	31
38	619	628	31
39	618	629	31
40	618	629	31
41	617	629	31
42	617	629	31
43	616	629	31
44	616	630	31
45	615	630	31
46	615	630	31
47	614	630	31
48	614	630	31
49	613	630	31
50	613	630	31
51	612	631	31
52	611	631	31
53	611	631	31
54	610	631	31
55	609	631	31
56	609	631	31
57	608	631	31
58	608	632	31
59	608	632	31
60	607	632	31
61	607	633	31
62	606	633	31
63	606	634	31
64	606	634	31
65	605	634	31
66	605	634	31
67	604	635	31
68	605	634	31
69	603	635	31
70	602	636	31
71	601	636	31
72	600	636	31
73	599	636	31
74	599	637	31
75	598	637	31
76	597	637	31
77	596	637	31
78	595	637	31
79	594	637	31
80	594	638	31
81	593	638	31
82	593	639	31
83	592	639	31
84	592	640	31
85	591	641	31
86	591	642	31
87	590	642	31
88	590	642	31
89	590	643	31
90	590	643	31
91	589	644	31
92	589	645	31
93	588	645	31
94	588	646	31
95	587	646	31
96	586	646	31
97	585	646	31
98	584	646	31
99	583	646	31
100	582	646	31
101	581	646	31
102	581	645	31
103	580	645	31
104	579	645	31
1	578	644	81
2	577	644	81
3	576	644	81
4	576	643	81
5	575	643	81
6	574	643	81
7	573	643	81
8	573	642	81
9	572	642	81
10	571	642	81
11	570	642	81
12	570	641	81
13	569	641	81
14	568	641	81
15	567	641	81
16	567	640	81
17	566	640	81
18	565	640	81
19	564	640	81
20	563	640	81
21	562	640	81
22	561	640	81
23	561	640	81
24	560	640	81
25	559	639	81
26	558	639	81
27	557	639	81
28	556	639	81
29	555	639	81
30	554	639	81
31	553	639	81
31	552	639	81
1	551	639	70
2	550	639	70
3	549	639	70
4	549	640	70
5	548	640	70
6	548	640	70
7	547	640	70
8	547	640	70
9	547	640	70
10	546	640	70
11	546	640	70
12	545	641	70
13	544	641	70
14	544	641	70
15	543	641	70
16	543	641	70
17	543	642	70
18	542	642	70
19	542	642	70
20	541	642	70
21	541	642	70
22	540	642	70
23	540	642	70
24	540	643	70
25	539	643	70
26	539	643	70
27	538	643	70
28	538	643	70
29	537	643	70
30	537	644	70
31	537	644	70
32	536	644	70
33	535	644	70
34	535	644	70
35	535	645	70
36	534	645	70
37	534	645	70
38	534	645	70
39	533	645	70
40	533	646	70
41	532	646	70
42	532	646	70
43	531	646	70
44	531	646	70
45	530	647	70
46	530	647	70
47	530	647	70
48	529	647	70
49	529	647	70
50	528	648	70
51	528	648	70
52	527	648	70
53	527	648	70
54	526	648	70
55	526	649	70
56	526	649	70
57	525	649	70
58	525	649	70
59	524	649	70
60	524	650	70
61	523	650	70
62	523	650	70
63	522	650	70
64	522	650	70
65	521	650	70
66	521	651	70
67	520	651	70
68	520	651	70
69	519	651	70
70	519	651	70
71	518	651	70
72	518	652	70
73	517	652	70
74	517	652	70
75	517	652	70
76	516	652	70
77	516	652	70
78	515	653	70
79	515	653	70
80	515	653	70
81	514	653	70
82	513	653	70
83	513	653	70
84	513	654	70
85	512	654	70
86	512	654	70
87	511	654	70
88	511	653	70
89	511	653	70
90	510	653	70
91	510	653	70
92	509	653	70
93	509	653	70
94	508	653	70
95	508	652	70
96	507	652	70
97	507	652	70
98	507	652	70
99	506	652	70
100	506	652	70
101	505	652	70
102	504	652	70
103	504	652	70
104	503	651	70
105	503	651	70
106	502	651	70
107	502	651	70
108	501	651	70
109	501	650	70
110	500	650	70
111	499	650	70
112	498	650	70
113	498	649	70
114	498	649	70
115	497	649	70
116	495	649	70
117	495	649	70
118	494	649	70
119	493	649	70
120	492	648	70
121	492	648	70
122	491	648	70
123	490	647	70
124	489	646	70
125	488	646	70
126	487	646	70
127	487	646	70
128	486	646	70
129	486	646	70
130	485	646	70
131	484	646	70
132	483	646	70
133	483	646	70
134	482	646	70
135	481	646	70
136	480	645	70
137	480	645	70
138	479	645	70
139	478	645	70
140	477	645	70
141	476	645	70
142	475	644	70
143	474	643	70
144	474	642	70
145	473	642	70
146	473	641	70
147	472	641	70
148	472	640	70
149	471	640	70
150	471	639	70
151	470	639	70
152	470	638	70
153	469	638	70
154	469	637	70
155	469	637	70
156	468	637	70
157	468	636	70
158	467	636	70
159	466	636	70
160	466	636	70
161	465	636	70
162	464	636	70
163	463	637	70
164	462	637	70
165	462	637	70
166	461	637	70
167	461	637	70
168	460	637	70
169	459	637	70
170	459	637	70
171	458	638	70
172	457	638	70
173	456	639	70
174	455	639	70
175	454	639	70
1	453	639	84
2	453	639	84
3	453	638	84
4	453	638	84
5	453	638	84
6	452	638	84
7	452	637	84
8	451	637	84
9	450	636	84
10	449	636	84
11	448	636	84
12	448	636	84
13	447	636	84
14	446	636	84
15	445	636	84
16	445	636	84
17	444	636	84
18	443	636	84
1	512	654	71
1	511	655	71
1	510	656	71
2	510	656	71
3	509	657	71
4	508	658	71
5	508	659	71
6	507	660	71
7	506	661	71
8	505	662	71
9	505	662	71
10	505	663	71
11	504	663	71
12	504	664	71
13	503	664	71
14	503	665	71
15	503	665	71
16	502	666	71
17	501	667	71
18	501	668	71
19	500	668	71
20	500	669	71
21	499	669	71
22	499	670	71
23	498	670	71
24	498	671	71
25	497	672	71
26	497	673	71
27	496	673	71
28	496	674	71
29	495	674	71
30	495	675	71
31	494	676	71
32	494	677	71
33	493	677	71
34	493	677	71
35	493	678	71
36	492	679	71
37	491	680	71
38	491	680	71
39	491	681	71
40	490	681	71
41	490	682	71
42	490	682	71
43	489	683	71
44	489	684	71
45	489	684	71
46	488	685	71
47	488	686	71
48	488	686	71
49	488	687	71
50	488	687	71
51	487	687	71
52	487	688	71
53	486	689	71
54	486	689	71
55	486	690	71
56	485	690	71
57	485	691	71
58	485	692	71
59	484	692	71
60	484	693	71
61	483	693	71
62	483	694	71
63	482	694	71
64	482	695	71
65	481	695	71
66	481	696	71
67	480	696	71
68	480	697	71
69	479	697	71
70	479	697	71
71	478	698	71
72	478	698	71
73	477	699	71
74	477	699	71
75	476	700	71
76	475	700	71
77	475	700	71
78	474	700	71
79	473	700	71
80	473	701	71
81	472	701	71
82	471	701	71
83	470	702	71
84	469	702	71
85	469	702	71
86	468	703	71
87	467	703	71
88	466	703	71
89	466	703	71
90	465	704	71
91	464	704	71
92	464	704	71
93	463	705	71
94	462	705	71
95	461	705	71
96	461	705	71
97	460	706	71
98	459	706	71
99	459	706	71
100	458	706	71
101	457	707	71
102	456	707	71
103	456	707	71
104	455	707	71
105	455	707	71
106	455	707	71
107	455	707	71
108	454	707	71
109	453	708	71
110	452	708	71
111	452	708	71
112	451	708	71
113	450	709	71
114	449	709	71
115	449	709	71
116	448	709	71
117	448	710	71
118	447	710	71
119	447	709	71
120	447	709	71
121	447	709	71
122	447	709	71
123	447	708	71
124	447	707	71
125	446	707	71
126	446	706	71
127	446	705	71
128	446	704	71
129	445	704	71
130	445	703	71
131	445	702	71
132	445	701	71
133	444	701	71
134	444	700	71
135	444	699	71
136	444	699	71
137	443	698	71
138	443	698	71
139	443	697	71
140	443	696	71
141	442	696	71
142	442	695	71
143	442	694	71
144	442	694	71
145	442	694	71
146	441	693	71
147	441	693	71
148	440	692	71
149	439	692	71
150	439	692	71
151	438	691	71
152	438	691	71
153	438	690	71
154	437	689	71
155	437	689	71
156	437	688	71
157	437	688	71
158	437	687	71
159	437	686	71
160	437	685	71
161	437	685	71
162	437	684	71
163	437	683	71
164	437	683	71
165	438	682	71
166	438	681	71
167	439	681	71
168	439	680	71
169	440	679	71
170	440	679	71
171	441	678	71
172	441	677	71
173	442	677	71
174	442	676	71
175	443	677	71
176	444	677	71
177	445	677	71
178	445	678	71
179	446	678	71
180	447	677	71
181	448	677	71
182	449	677	71
183	450	677	71
184	450	678	71
185	451	678	71
186	452	678	71
1	443	636	72
2	442	636	72
3	441	636	72
4	440	636	72
5	439	635	72
6	438	634	72
7	438	633	72
8	438	633	72
9	437	632	72
10	437	631	72
11	437	630	72
12	437	629	72
13	436	629	72
14	436	628	72
15	436	627	72
16	435	627	72
17	434	627	72
18	434	628	72
19	434	629	72
20	433	630	72
21	433	631	72
22	433	632	72
23	432	632	72
24	432	633	72
25	432	633	72
26	431	633	72
27	431	634	72
28	430	635	72
29	429	635	72
30	429	636	72
31	428	636	72
32	427	637	72
33	426	637	72
34	426	637	72
35	425	638	72
36	424	638	72
37	424	639	72
38	423	639	72
39	422	640	72
40	422	640	72
41	420	640	72
42	419	640	72
43	418	640	72
44	417	640	72
45	416	640	72
46	415	640	72
47	414	640	72
48	413	640	72
49	412	640	72
50	411	640	72
51	410	640	72
52	409	640	72
53	408	640	72
54	407	640	72
55	406	640	72
56	405	640	72
57	404	640	72
58	403	640	72
59	402	640	72
60	401	640	72
61	400	640	72
62	399	640	72
63	398	640	72
64	397	639	72
65	396	639	72
66	395	639	72
67	395	640	72
68	395	640	72
69	395	640	72
70	394	640	72
71	393	640	72
72	393	641	72
73	392	641	72
74	391	641	72
75	391	642	72
76	390	642	72
77	389	642	72
78	388	642	72
79	388	642	72
80	388	643	72
81	387	643	72
82	386	643	72
83	385	644	72
84	384	644	72
85	383	644	72
86	382	643	72
87	381	642	72
88	380	641	72
89	381	640	72
90	381	639	72
91	381	638	72
92	381	637	72
93	381	635	72
94	381	634	72
95	382	633	72
96	382	632	72
97	382	631	72
98	382	630	72
99	382	629	72
100	383	628	72
1	644	280	33
2	645	280	33
3	646	280	33
4	647	280	33
5	648	280	33
6	649	280	33
7	650	280	33
8	651	280	33
9	652	280	33
10	653	280	33
11	654	280	33
12	655	280	33
13	656	280	33
14	657	280	33
15	658	281	33
16	659	281	33
17	660	281	33
18	661	282	33
19	662	282	33
20	663	282	33
21	664	282	33
22	664	281	33
23	665	281	33
24	665	282	33
25	667	282	33
26	668	283	33
27	669	283	33
28	669	282	33
29	668	282	33
1	666	272	48
2	668	273	48
3	669	274	48
4	669	275	48
5	670	275	48
6	670	276	48
7	671	276	48
8	672	276	48
9	672	276	48
10	673	276	48
11	674	276	48
12	675	276	48
13	676	277	48
14	677	277	48
15	678	277	48
16	679	278	48
17	679	278	48
18	680	278	48
19	681	278	48
20	682	278	48
21	683	279	48
22	683	279	48
23	684	279	48
24	685	279	48
25	686	280	48
26	687	280	48
27	688	280	48
28	689	281	48
29	690	281	48
30	692	281	48
31	693	281	48
32	694	281	48
33	695	281	48
34	696	282	48
1	697	282	78
2	698	282	78
3	698	283	78
4	699	283	78
5	700	284	78
6	701	285	78
7	702	285	78
8	703	285	78
9	704	286	78
10	705	286	78
11	706	286	78
12	707	286	78
13	708	286	78
14	709	286	78
15	710	286	78
16	711	286	78
17	712	286	78
18	713	286	78
19	713	287	78
20	713	288	78
21	713	289	78
22	713	290	78
23	714	290	78
24	715	290	78
25	716	290	78
26	716	291	78
27	717	291	78
28	718	291	78
29	719	290	78
30	720	290	78
31	721	290	78
32	721	290	78
33	722	290	78
34	723	289	78
35	723	289	78
36	724	289	78
37	725	288	78
38	725	288	78
39	726	288	78
40	727	288	78
41	727	288	78
42	728	288	78
43	729	288	78
44	730	288	78
45	731	288	78
46	732	288	78
47	733	287	78
48	733	287	78
49	734	287	78
50	734	287	78
51	735	286	78
52	734	286	78
53	734	285	78
54	733	284	78
55	733	283	78
56	733	283	78
57	733	282	78
58	732	281	78
59	732	280	78
60	731	279	78
61	730	279	78
1	729	280	49
2	728	280	49
3	727	280	49
4	726	280	49
5	725	280	49
6	725	280	49
7	724	279	49
8	723	279	49
9	722	279	49
10	721	279	49
11	721	279	49
12	720	279	49
13	719	278	49
14	718	278	49
15	718	277	49
16	717	277	49
17	716	276	49
18	716	276	49
19	715	276	49
20	715	275	49
21	714	275	49
22	714	274	49
23	714	273	49
24	713	273	49
25	713	272	49
26	713	271	49
27	712	271	49
28	711	270	49
29	711	269	49
30	710	269	49
31	709	268	49
32	709	268	49
33	708	267	49
34	707	267	49
35	707	266	49
36	706	266	49
37	706	266	49
38	706	265	49
39	705	265	49
40	705	264	49
41	705	263	49
42	705	262	49
43	704	262	49
44	704	261	49
45	704	261	49
46	703	261	49
47	703	260	49
48	702	259	49
49	702	259	49
50	702	258	49
51	701	257	49
52	701	256	49
53	701	256	49
54	700	255	49
55	700	254	49
56	699	253	49
57	699	253	49
58	699	252	49
59	699	251	49
60	699	251	49
61	699	250	49
62	699	250	49
63	699	249	49
64	699	249	49
65	699	248	49
66	699	247	49
67	698	247	49
68	698	246	49
69	698	246	49
70	698	245	49
71	698	245	49
72	697	244	49
1	644	280	73
2	643	280	73
3	642	280	73
4	642	279	73
5	641	279	73
6	640	279	73
7	639	279	73
8	639	278	73
9	638	278	73
10	637	278	73
11	637	278	73
12	636	277	73
13	635	277	73
14	634	277	73
15	633	277	73
16	632	277	73
17	631	278	73
18	630	278	73
19	629	278	73
20	629	279	73
21	628	279	73
22	627	280	73
23	626	280	73
24	625	281	73
25	624	282	73
26	623	282	73
27	622	283	73
28	620	283	73
29	619	284	73
30	618	284	73
31	617	284	73
32	614	284	73
33	612	283	73
34	613	284	73
35	612	284	73
36	611	284	73
37	610	284	73
38	610	285	73
39	608	285	73
40	607	286	73
41	606	287	73
42	606	288	73
43	605	288	73
44	604	289	73
45	604	291	73
46	603	292	73
47	603	294	73
48	602	296	73
49	601	298	73
50	601	299	73
1	666	512	47
2	666	511	47
3	667	511	47
4	667	511	47
5	668	510	47
6	669	510	47
7	669	509	47
8	670	508	47
9	671	508	47
10	671	507	47
11	672	507	47
12	672	506	47
13	673	506	47
14	673	505	47
15	674	505	47
16	674	504	47
17	675	504	47
18	675	503	47
19	676	502	47
20	677	502	47
21	677	501	47
22	678	501	47
23	679	501	47
24	679	500	47
25	680	500	47
26	680	499	47
27	680	498	47
28	681	498	47
29	682	497	47
30	683	497	47
31	684	496	47
32	684	496	47
33	685	496	47
34	685	495	47
35	685	494	47
36	685	493	47
37	684	493	47
38	684	492	47
39	684	491	47
40	684	490	47
41	685	489	47
42	686	489	47
43	686	488	47
44	687	488	47
45	688	488	47
46	688	487	47
47	689	487	47
48	690	487	47
49	691	487	47
50	692	487	47
51	693	487	47
52	694	487	47
53	695	487	47
54	696	487	47
55	697	487	47
56	697	486	47
57	698	486	47
58	699	485	47
59	700	484	47
60	701	484	47
61	701	483	47
62	702	483	47
63	702	482	47
64	703	482	47
65	703	482	47
66	703	481	47
67	704	481	47
68	704	480	47
69	705	479	47
70	706	479	47
71	706	478	47
72	707	477	47
73	707	476	47
74	708	476	47
75	709	477	47
76	710	478	47
77	711	479	47
78	711	480	47
79	712	480	47
80	713	481	47
81	714	481	47
82	715	482	47
83	715	482	47
84	716	482	47
85	716	483	47
86	717	483	47
87	718	483	47
88	719	482	47
89	719	482	47
90	719	482	47
91	720	481	47
92	721	481	47
93	722	481	47
94	722	481	47
95	723	481	47
96	724	481	47
97	725	481	47
98	725	480	47
99	726	480	47
100	726	479	47
101	727	480	47
102	727	479	47
103	727	479	47
1	708	221	14
2	707	221	14
3	706	220	14
4	705	220	14
5	704	219	14
6	704	219	14
7	703	218	14
8	702	217	14
9	700	217	14
10	699	216	14
11	697	215	14
12	696	215	14
13	695	214	14
14	694	213	14
15	693	212	14
16	691	212	14
17	690	212	14
18	689	211	14
19	688	211	14
20	687	211	14
21	685	210	14
22	684	209	14
23	682	208	14
24	681	208	14
25	679	207	14
26	679	207	14
27	678	206	14
28	676	205	14
29	674	205	14
30	673	204	14
1	656	268	16
2	656	267	16
3	655	266	16
4	655	265	16
5	654	265	16
6	654	264	16
7	654	263	16
8	653	262	16
9	653	262	16
10	652	262	16
11	651	261	16
12	651	261	16
13	650	261	16
14	650	260	16
15	649	260	16
16	649	260	16
17	648	259	16
18	648	259	16
19	646	259	16
20	646	258	16
21	645	258	16
22	645	257	16
23	644	257	16
24	644	257	16
25	644	256	16
26	644	256	16
27	643	256	16
28	642	255	16
29	642	255	16
30	641	254	16
31	640	254	16
32	639	253	16
33	638	253	16
34	637	252	16
35	636	252	16
36	636	251	16
37	636	251	16
38	636	250	16
39	635	250	16
40	634	249	16
41	634	249	16
42	633	248	16
43	633	247	16
44	632	246	16
45	632	246	16
46	632	245	16
47	632	244	16
48	631	243	16
49	631	242	16
50	631	241	16
51	631	241	16
52	631	240	16
53	630	239	16
54	631	239	16
55	631	239	16
56	630	237	16
57	630	237	16
58	630	236	16
59	629	235	16
60	629	235	16
61	629	234	16
62	629	233	16
63	629	233	16
64	629	232	16
65	629	231	16
66	629	231	16
67	629	230	16
68	629	229	16
69	629	228	16
70	629	227	16
71	629	226	16
72	629	225	16
73	628	225	16
74	628	224	16
75	628	223	16
76	628	222	16
77	628	221	16
78	628	221	16
79	628	220	16
80	627	219	16
81	627	218	16
82	626	217	16
83	626	216	16
84	625	216	16
85	624	216	16
86	623	215	16
87	622	215	16
88	621	215	16
89	620	215	16
90	620	215	16
91	619	215	16
92	618	215	16
93	617	214	16
94	616	214	16
1	616	213	58
2	615	214	58
3	615	215	58
4	614	215	58
5	613	216	58
6	612	216	58
7	612	216	58
8	611	216	58
9	610	217	58
10	610	217	58
11	609	217	58
12	608	218	58
13	608	218	58
14	607	218	58
15	606	219	58
16	605	220	58
17	605	220	58
18	604	220	58
19	603	221	58
20	603	221	58
21	602	221	58
22	601	220	58
23	601	219	58
24	600	219	58
25	599	219	58
26	598	218	58
27	597	218	58
28	597	218	58
29	596	218	58
30	595	218	58
31	594	218	58
32	594	218	58
33	593	218	58
34	593	218	58
35	592	218	58
36	591	218	58
37	590	218	58
38	590	219	58
39	590	219	58
40	590	220	58
41	590	221	58
42	590	222	58
43	590	223	58
44	590	223	58
45	589	224	58
46	589	225	58
47	589	226	58
48	589	226	58
49	589	227	58
50	589	228	58
51	589	229	58
52	589	230	58
53	589	231	58
54	589	232	58
55	589	233	58
56	589	234	58
57	589	235	58
58	589	235	58
59	589	236	58
60	588	236	58
61	588	237	58
62	587	237	58
63	587	238	58
64	586	238	58
65	585	238	58
66	585	239	58
67	584	239	58
68	583	239	58
69	582	240	58
70	581	241	58
71	580	242	58
72	579	242	58
73	579	243	58
74	578	244	58
75	577	244	58
76	577	245	58
77	578	245	58
78	579	245	58
79	580	245	58
80	581	245	58
81	581	246	58
82	581	247	58
83	580	248	58
84	580	249	58
85	580	250	58
86	580	251	58
1	616	213	62
2	616	213	62
3	616	212	62
4	617	211	62
5	617	211	62
6	617	210	62
7	618	210	62
8	618	209	62
9	619	209	62
10	619	208	62
11	619	208	62
12	620	207	62
13	621	206	62
14	621	205	62
15	622	205	62
16	623	204	62
17	623	203	62
18	624	203	62
19	624	202	62
20	624	202	62
21	624	201	62
22	625	201	62
23	625	200	62
24	625	200	62
25	626	199	62
26	626	199	62
27	627	198	62
28	627	198	62
29	627	197	62
30	628	197	62
31	628	196	62
32	628	196	62
33	629	195	62
34	629	194	62
35	628	193	62
36	628	193	62
37	627	193	62
38	627	192	62
39	626	192	62
40	625	192	62
41	625	191	62
42	624	191	62
43	623	191	62
44	623	191	62
45	622	190	62
46	621	190	62
47	621	190	62
48	620	190	62
49	620	189	62
50	619	189	62
51	618	189	62
52	618	189	62
53	617	188	62
54	616	188	62
55	616	188	62
56	615	188	62
57	614	188	62
58	614	188	62
59	613	188	62
60	612	188	62
61	611	187	62
62	611	187	62
63	610	187	62
64	610	187	62
65	609	187	62
66	609	188	62
67	608	188	62
68	608	188	62
69	607	188	62
70	606	188	62
71	606	188	62
72	605	188	62
73	605	187	62
74	604	187	62
75	603	187	62
76	603	187	62
77	602	187	62
78	601	187	62
79	601	187	62
80	600	187	62
81	599	187	62
82	599	187	62
83	598	187	62
84	597	187	62
85	597	187	62
86	596	187	62
87	596	187	62
88	595	187	62
89	594	187	62
90	593	187	62
91	593	187	62
92	592	187	62
93	591	188	62
94	590	188	62
95	589	188	62
96	589	188	62
97	588	189	62
98	587	189	62
99	587	190	62
100	586	190	62
101	585	191	62
102	584	191	62
103	583	191	62
104	582	192	62
105	580	192	62
106	578	192	62
107	577	192	62
108	575	191	62
109	574	191	62
110	573	191	62
111	572	190	62
0	572	189	62
0	571	188	62
0	571	187	62
0	571	186	62
0	569	186	62
0	568	185	62
0	567	186	62
0	566	185	62
0	564	185	62
1	571	191	61
2	570	191	61
3	569	192	61
4	568	192	61
5	567	192	61
6	566	192	61
7	565	193	61
8	565	193	61
9	564	194	61
10	563	194	61
11	562	194	61
12	562	195	61
13	561	195	61
14	560	195	61
15	560	196	61
16	559	196	61
17	559	197	61
18	558	197	61
19	557	197	61
20	557	198	61
21	556	198	61
22	556	199	61
23	555	199	61
24	554	199	61
25	553	200	61
26	552	201	61
27	551	201	61
28	551	202	61
29	550	202	61
30	549	203	61
31	549	203	61
32	549	203	61
33	548	203	61
34	548	204	61
35	547	204	61
36	546	204	61
37	545	205	61
38	545	205	61
39	544	206	61
40	543	206	61
41	543	206	61
42	542	206	61
43	541	206	61
44	540	207	61
45	540	207	61
46	539	207	61
47	539	208	61
48	538	208	61
49	538	208	61
50	538	209	61
51	537	209	61
52	537	209	61
53	536	209	61
54	536	210	61
55	535	210	61
56	535	211	61
57	534	211	61
58	534	212	61
59	534	212	61
60	533	213	61
61	533	213	61
62	533	214	61
63	532	214	61
64	532	215	61
65	532	215	61
66	531	216	61
67	531	216	61
68	530	217	61
69	529	217	61
70	529	217	61
71	528	218	61
72	528	218	61
73	527	218	61
74	527	218	61
75	526	219	61
76	526	219	61
77	525	219	61
78	525	219	61
79	524	219	61
80	523	219	61
81	523	219	61
82	522	219	61
83	521	219	61
84	520	219	61
85	520	219	61
86	519	220	61
87	519	220	61
88	519	221	61
89	519	222	61
90	519	222	61
91	519	223	61
92	519	224	61
93	519	225	61
94	520	225	61
95	520	226	61
96	520	226	61
97	520	227	61
98	521	227	61
99	521	228	61
100	521	229	61
101	521	229	61
102	521	230	61
103	522	230	61
104	522	231	61
105	523	232	61
106	523	232	61
107	524	233	61
108	524	233	61
109	524	234	61
110	524	235	61
111	525	235	61
112	525	236	61
113	526	237	61
114	526	238	61
115	526	239	61
116	527	240	61
117	527	240	61
118	527	241	61
119	527	242	61
120	528	243	61
121	528	243	61
122	529	244	61
123	529	245	61
124	530	246	61
125	530	247	61
126	531	248	61
127	531	249	61
128	532	250	61
129	533	251	61
130	533	251	61
131	534	252	61
132	534	252	61
133	535	253	61
134	536	253	61
135	537	253	61
136	538	253	61
137	539	253	61
138	540	254	61
139	541	254	61
140	542	254	61
141	543	255	61
142	544	255	61
143	544	255	61
144	545	256	61
145	546	256	61
146	546	256	61
147	548	256	61
148	549	257	61
149	549	257	61
150	550	257	61
151	551	257	61
152	551	257	61
153	552	257	61
154	553	257	61
155	554	258	61
156	554	258	61
157	555	257	61
158	556	257	61
159	557	257	61
160	558	257	61
161	558	257	61
162	559	257	61
163	560	256	61
164	561	256	61
165	561	256	61
166	562	256	61
167	563	256	61
168	563	255	61
169	564	255	61
170	564	255	61
171	565	255	61
172	566	255	61
173	566	255	61
174	567	255	61
175	568	255	61
176	568	255	61
177	569	255	61
178	570	255	61
179	570	255	61
180	571	255	61
181	571	255	61
182	572	254	61
183	573	254	61
184	574	254	61
185	575	254	61
186	576	254	61
187	577	253	61
188	578	253	61
189	578	253	61
190	579	253	61
191	579	252	61
1	580	253	59
2	582	253	59
3	584	253	59
4	586	254	59
5	588	255	59
6	590	256	59
7	591	257	59
8	592	258	59
9	592	260	59
10	592	262	59
11	593	264	59
12	593	265	59
13	594	267	59
14	594	268	59
15	594	270	59
16	594	271	59
17	593	273	59
18	591	274	59
19	590	275	59
20	589	277	59
21	590	278	59
22	590	278	59
23	591	279	59
24	591	281	59
25	592	282	59
26	592	283	59
27	593	285	59
28	594	286	59
29	595	287	59
30	597	288	59
31	598	289	59
32	599	289	59
33	600	290	59
34	601	289	59
35	601	290	59
36	602	290	59
1	672	203	15
2	671	203	15
3	670	202	15
4	669	202	15
5	668	202	15
6	666	201	15
7	665	201	15
8	664	200	15
9	663	199	15
10	662	199	15
11	661	199	15
12	661	200	15
13	662	200	15
14	663	201	15
15	664	202	15
16	665	202	15
17	666	203	15
18	667	204	15
19	669	204	15
20	669	204	15
21	670	205	15
22	670	205	15
1	731	278	98
2	731	276	98
3	730	275	98
4	729	274	98
5	729	273	98
6	729	271	98
7	728	270	98
8	728	269	98
9	728	267	98
10	727	266	98
11	727	265	98
12	726	264	98
13	726	263	98
14	726	262	98
15	726	261	98
16	725	260	98
1	658	314	34
2	657	314	34
3	656	315	34
4	655	315	34
5	654	315	34
6	654	316	34
7	653	316	34
8	652	317	34
9	651	317	34
10	650	317	34
11	650	318	34
12	650	318	34
13	649	318	34
14	649	319	34
15	648	319	34
16	648	319	34
17	648	320	34
18	647	320	34
19	647	321	34
20	647	322	34
21	647	322	34
22	648	323	34
23	647	323	34
24	646	323	34
25	645	324	34
26	655	314	34
27	656	313	34
28	656	312	34
29	655	311	34
30	654	310	34
31	654	309	34
32	655	308	34
33	655	307	34
34	655	306	34
35	655	305	34
36	656	304	34
37	655	303	34
38	654	303	34
39	652	303	34
40	651	303	34
41	650	303	34
42	649	304	34
43	648	304	34
44	647	305	34
45	647	306	34
46	646	306	34
47	645	306	34
1	624	282	95
2	624	283	95
3	625	284	95
4	625	284	95
5	625	285	95
6	626	285	95
7	626	286	95
8	627	286	95
9	627	287	95
10	628	288	95
11	628	288	95
12	629	289	95
13	629	289	95
14	629	290	95
15	630	290	95
16	630	291	95
17	631	291	95
18	631	292	95
19	632	293	95
20	632	294	95
21	633	294	95
22	633	295	95
23	634	295	95
24	634	296	95
25	635	296	95
26	635	295	95
27	636	295	95
28	636	296	95
29	636	297	95
30	637	298	95
31	638	299	95
32	639	300	95
33	639	301	95
34	640	302	95
35	640	303	95
36	641	304	95
37	642	305	95
38	642	306	95
39	642	307	95
40	643	307	95
41	643	308	95
42	643	309	95
43	644	309	95
1	644	317	96
2	643	317	96
3	643	318	96
4	642	319	96
5	642	320	96
6	642	320	96
7	642	320	96
8	642	321	96
9	642	321	96
10	642	322	96
11	642	323	96
12	641	323	96
13	641	323	96
14	640	324	96
15	640	324	96
16	639	324	96
17	639	324	96
18	638	325	96
19	638	325	96
20	637	325	96
21	636	326	96
22	635	326	96
23	634	327	96
24	633	327	96
25	632	328	96
26	631	328	96
27	630	329	96
28	629	329	96
29	628	329	96
30	628	328	96
31	628	327	96
32	628	326	96
33	627	326	96
34	627	325	96
35	627	324	96
36	626	323	96
37	626	322	96
38	625	322	96
39	625	321	96
40	624	322	96
41	623	322	96
42	622	323	96
43	621	323	96
44	620	324	96
45	619	324	96
46	619	325	96
47	618	325	96
48	617	326	96
49	616	325	96
50	616	324	96
51	615	323	96
52	614	322	96
53	613	321	96
54	613	320	96
55	613	319	96
56	613	318	96
57	613	317	96
58	613	316	96
59	612	315	96
60	611	314	96
61	610	313	96
62	609	312	96
63	609	311	96
64	608	310	96
65	608	309	96
66	607	309	96
67	607	308	96
68	607	307	96
69	606	306	96
70	606	305	96
71	606	304	96
72	606	303	96
73	606	302	96
74	605	301	96
75	605	300	96
76	605	299	96
77	605	298	96
78	605	297	96
79	604	297	96
80	603	297	96
81	602	297	96
1	681	344	36
2	680	344	36
3	679	344	36
4	679	345	36
5	678	345	36
6	677	345	36
7	676	345	36
8	675	345	36
9	675	344	36
10	674	344	36
11	673	344	36
12	673	343	36
13	672	343	36
14	672	344	36
15	671	344	36
16	671	343	36
17	670	343	36
18	669	343	36
19	668	343	36
20	667	343	36
21	667	344	36
22	666	344	36
23	665	344	36
24	665	345	36
25	664	345	36
26	663	345	36
27	663	346	36
28	662	346	36
29	661	346	36
30	660	346	36
31	659	346	36
32	658	347	36
33	657	348	36
34	656	348	36
35	656	349	36
36	655	349	36
37	654	349	36
38	653	349	36
39	652	349	36
40	651	350	36
41	651	351	36
42	650	352	36
43	650	352	36
44	649	352	36
45	649	352	36
46	648	352	36
47	647	352	36
48	647	351	36
49	646	351	36
50	645	351	36
51	644	351	36
52	643	351	36
53	642	351	36
54	641	351	36
55	641	351	36
56	640	351	36
57	639	351	36
58	638	350	36
59	638	350	36
60	637	350	36
61	637	351	36
62	636	351	36
63	636	351	36
64	635	351	36
65	662	327	35
66	661	328	35
67	659	328	35
68	658	328	35
69	656	329	35
70	655	329	35
71	655	330	35
72	654	331	35
73	654	332	35
74	653	332	35
75	651	332	35
76	650	332	35
77	649	333	35
78	647	333	35
79	646	334	35
80	645	334	35
81	644	334	35
1	686	350	37
2	686	351	37
3	686	352	37
4	686	353	37
5	686	354	37
6	687	355	37
7	687	355	37
8	687	356	37
9	687	357	37
10	686	357	37
11	686	358	37
12	685	358	37
13	684	358	37
14	683	358	37
15	683	359	37
16	682	360	37
17	682	361	37
18	682	362	37
19	682	363	37
20	682	364	37
21	683	364	37
22	683	365	37
23	682	365	37
24	682	366	37
25	681	367	37
26	681	368	37
27	681	369	37
28	682	369	37
29	682	370	37
30	680	370	37
31	680	369	37
32	679	368	37
33	679	368	37
34	678	368	37
35	677	367	37
36	676	367	37
37	676	366	37
38	675	366	37
39	674	365	37
40	673	366	37
41	672	365	37
42	671	365	37
43	671	364	37
44	671	363	37
45	671	362	37
46	670	362	37
47	669	362	37
48	668	362	37
49	668	362	37
50	667	361	37
51	666	361	37
52	665	361	37
53	665	361	37
54	664	361	37
55	663	361	37
56	662	360	37
57	662	361	37
58	662	361	37
59	661	361	37
60	660	361	37
61	659	361	37
62	658	361	37
63	657	361	37
64	657	361	37
65	656	361	37
66	655	362	37
67	654	362	37
68	653	362	37
69	653	362	37
70	652	362	37
71	652	363	37
72	652	363	37
73	651	363	37
74	651	363	37
75	651	363	37
76	650	363	37
77	649	362	37
78	648	362	37
79	648	362	37
80	647	363	37
81	647	363	37
82	646	364	37
83	646	364	37
84	646	365	37
85	645	365	37
86	645	365	37
87	644	364	37
88	643	364	37
89	643	364	37
90	642	363	37
91	642	363	37
92	642	363	37
93	641	362	37
94	641	361	37
95	641	360	37
96	641	359	37
97	641	359	37
98	641	358	37
99	641	357	37
100	642	356	37
101	642	355	37
102	641	355	37
103	640	355	37
104	639	355	37
105	638	355	37
106	637	355	37
107	636	354	37
108	636	354	37
109	635	354	37
110	635	354	37
111	635	353	37
112	634	353	37
1	667	362	38
2	667	363	38
3	667	364	38
4	667	364	38
5	667	365	38
6	667	366	38
7	666	367	38
8	667	368	38
9	668	368	38
10	668	368	38
11	668	369	38
12	669	370	38
13	669	371	38
14	670	372	38
15	670	373	38
16	670	373	38
17	669	374	38
18	669	374	38
19	668	375	38
20	668	375	38
21	667	376	38
22	667	377	38
23	666	377	38
24	666	378	38
25	665	378	38
26	665	379	38
27	664	380	38
28	664	380	38
29	663	380	38
30	663	381	38
31	662	381	38
32	661	381	38
33	661	381	38
34	660	380	38
35	659	379	38
36	659	379	38
37	658	379	38
38	658	378	38
39	657	378	38
40	656	378	38
41	656	377	38
42	655	377	38
43	655	376	38
44	654	376	38
45	653	375	38
46	653	374	38
47	652	375	38
48	652	375	38
49	651	375	38
50	651	376	38
51	650	377	38
52	650	377	38
53	650	378	38
54	649	378	38
55	648	379	38
56	648	378	38
57	647	378	38
58	647	377	38
59	646	377	38
60	646	376	38
61	645	376	38
62	645	376	38
63	644	376	38
64	644	375	38
65	643	375	38
66	642	375	38
67	642	375	38
68	641	375	38
69	641	375	38
70	640	375	38
71	640	375	38
72	639	374	38
73	638	374	38
74	638	374	38
75	637	373	38
76	637	373	38
77	636	372	38
78	635	372	38
79	635	371	38
80	634	371	38
81	633	371	38
82	633	371	38
83	632	370	38
84	632	370	38
85	631	369	38
86	630	369	38
87	630	369	38
88	629	368	38
89	629	368	38
90	628	368	38
91	628	367	38
92	627	367	38
92	627	367	38
1	640	390	39
2	639	390	39
3	639	390	39
4	638	390	39
5	637	390	39
6	637	389	39
7	636	389	39
8	635	389	39
9	635	389	39
10	634	388	39
11	634	388	39
12	633	388	39
13	633	387	39
14	632	387	39
15	632	387	39
16	631	386	39
17	631	386	39
18	630	386	39
19	630	385	39
20	629	384	39
21	629	384	39
22	629	384	39
23	629	383	39
24	628	382	39
25	627	382	39
26	627	382	39
27	626	381	39
28	626	381	39
29	625	381	39
30	625	380	39
31	624	380	39
32	624	380	39
33	623	380	39
34	623	379	39
1	654	414	40
2	655	413	40
3	655	412	40
4	655	411	40
5	654	411	40
6	654	410	40
7	654	409	40
8	653	409	40
9	653	408	40
10	652	407	40
11	652	407	40
12	652	406	40
13	652	405	40
14	651	404	40
15	651	403	40
16	651	402	40
17	651	402	40
18	651	401	40
19	651	400	40
20	651	399	40
21	651	398	40
22	650	398	40
23	650	397	40
24	650	396	40
25	650	396	40
26	650	395	40
27	650	395	40
28	650	394	40
29	649	394	40
30	648	394	40
31	647	394	40
32	647	393	40
33	646	393	40
34	645	393	40
35	645	393	40
36	644	393	40
37	643	393	40
38	643	393	40
39	642	393	40
40	641	393	40
41	641	392	40
42	640	392	40
43	639	392	40
44	638	392	40
45	637	392	40
46	637	392	40
47	636	392	40
48	635	391	40
49	635	391	40
50	634	391	40
51	634	391	40
52	633	391	40
53	632	391	40
54	631	391	40
55	630	391	40
56	629	391	40
57	629	390	40
58	628	390	40
59	627	390	40
60	625	390	40
61	624	391	40
62	623	391	40
1	752	391	74
2	752	392	74
3	752	393	74
4	752	394	74
5	752	395	74
6	752	395	74
7	752	396	74
8	752	397	74
9	752	397	74
10	752	398	74
11	752	398	74
12	752	398	74
13	751	399	74
14	751	399	74
15	751	400	74
16	751	400	74
17	751	401	74
18	751	401	74
19	750	402	74
20	750	402	74
21	750	403	74
22	750	403	74
23	751	404	74
24	751	404	74
25	751	405	74
26	751	406	74
27	751	407	74
28	752	407	74
29	752	408	74
30	752	409	74
31	752	410	74
32	752	410	74
33	752	411	74
34	751	412	74
35	751	412	74
36	750	412	74
37	750	413	74
38	750	413	74
39	750	414	74
40	750	415	74
41	750	415	74
42	750	416	74
43	750	417	74
44	750	417	74
45	750	418	74
46	750	419	74
47	750	420	74
48	750	421	74
49	750	421	74
50	750	422	74
51	750	423	74
52	751	424	74
53	751	424	74
54	751	425	74
55	751	426	74
56	751	426	74
57	751	427	74
58	751	428	74
59	751	429	74
60	751	430	74
61	751	430	74
62	751	431	74
63	752	431	74
64	752	432	74
65	752	432	74
66	752	433	74
67	752	433	74
68	751	434	74
69	751	435	74
70	751	435	74
71	751	436	74
72	750	437	74
1	750	414	53
2	750	415	53
3	749	415	53
4	749	416	53
5	748	416	53
6	748	417	53
7	747	417	53
8	747	418	53
9	747	418	53
10	747	419	53
11	746	419	53
12	746	419	53
13	746	419	53
14	745	420	53
15	745	420	53
16	744	420	53
17	743	419	53
18	743	419	53
19	742	419	53
20	742	419	53
21	741	418	53
22	741	418	53
23	740	418	53
24	740	418	53
25	739	417	53
26	738	417	53
27	739	417	53
28	739	416	53
29	739	416	53
30	739	415	53
31	739	415	53
32	740	414	53
33	740	413	53
34	740	413	53
35	740	412	53
36	739	412	53
37	739	411	53
38	738	411	53
39	738	411	53
40	737	411	53
41	737	410	53
42	736	410	53
43	736	410	53
44	735	409	53
45	734	408	53
46	733	407	53
47	733	407	53
48	732	407	53
49	732	407	53
50	731	406	53
51	731	407	53
52	730	407	53
53	730	408	53
54	729	409	53
55	728	409	53
56	728	410	53
57	727	410	53
58	727	410	53
59	726	410	53
60	725	410	53
61	724	409	53
62	723	409	53
63	723	410	53
64	722	410	53
65	722	410	53
66	721	411	53
67	721	411	53
68	720	412	53
69	720	412	53
70	719	412	53
71	719	413	53
72	718	413	53
73	718	413	53
74	717	413	53
75	716	414	53
76	715	413	53
77	715	413	53
78	714	413	53
79	714	413	53
80	713	413	53
81	712	413	53
82	712	413	53
83	711	412	53
84	711	413	53
85	710	413	53
86	710	413	53
87	709	413	53
88	708	413	53
89	708	413	53
90	707	413	53
91	707	413	53
92	706	413	53
93	706	413	53
94	705	414	53
95	704	414	53
96	704	415	53
97	703	415	53
98	703	415	53
99	702	416	53
100	701	416	53
101	700	416	53
102	700	417	53
103	699	417	53
104	699	418	53
105	698	418	53
1	656	457	44
2	657	458	44
3	658	458	44
4	659	459	44
5	660	460	44
6	660	460	44
7	659	461	44
8	659	461	44
9	659	462	44
10	659	463	44
11	659	463	44
12	660	463	44
13	661	463	44
14	662	463	44
15	663	464	44
16	663	465	44
17	662	466	44
18	661	466	44
19	660	466	44
20	659	467	44
21	658	468	44
22	658	468	44
23	657	468	44
24	657	468	44
25	656	469	44
26	656	469	44
27	655	469	44
28	655	469	44
29	654	469	44
30	654	470	44
31	653	470	44
32	652	470	44
33	651	470	44
34	651	470	44
35	650	470	44
36	650	470	44
37	649	470	44
38	648	470	44
39	648	470	44
40	647	470	44
41	647	470	44
42	646	470	44
43	645	470	44
44	645	470	44
45	644	471	44
46	644	471	44
47	644	471	44
48	643	471	44
49	642	471	44
50	642	472	44
51	641	472	44
52	640	472	44
53	639	472	44
54	638	472	44
1	658	461	43
2	658	461	43
3	657	461	43
4	656	460	43
5	655	460	43
6	654	460	43
7	654	460	43
8	653	460	43
9	652	460	43
10	651	461	43
11	651	461	43
12	650	461	43
13	649	461	43
14	649	461	43
15	648	461	43
16	647	461	43
17	646	461	43
18	645	461	43
19	645	461	43
20	644	461	43
21	644	461	43
22	643	461	43
23	642	461	43
24	641	461	43
25	641	461	43
26	640	461	43
27	639	461	43
28	639	460	43
29	638	460	43
30	638	460	43
31	637	460	43
32	637	460	43
33	636	460	43
34	635	460	43
35	635	460	43
36	634	460	43
1	656	456	42
2	656	456	42
3	655	455	42
4	655	455	42
5	655	455	42
6	654	454	42
7	654	454	42
8	654	453	42
9	654	453	42
10	654	452	42
11	654	452	42
12	654	451	42
13	654	450	42
14	654	450	42
15	654	449	42
16	654	449	42
17	653	448	42
18	652	448	42
19	652	448	42
20	651	447	42
21	651	447	42
22	651	447	42
23	650	448	42
24	650	448	42
25	650	448	42
26	649	448	42
27	649	449	42
28	649	449	42
29	648	449	42
30	647	449	42
31	647	449	42
32	646	449	42
33	646	449	42
34	645	450	42
35	644	451	42
36	644	452	42
37	643	452	42
38	642	453	42
39	641	453	42
40	640	453	42
41	639	453	42
42	638	453	42
43	637	452	42
44	636	452	42
45	635	452	42
1	679	462	45
2	678	464	45
3	678	465	45
4	678	466	45
5	678	467	45
6	677	467	45
7	677	468	45
8	677	469	45
9	676	469	45
10	676	470	45
11	676	470	45
12	676	471	45
13	675	471	45
14	675	472	45
15	674	472	45
16	674	472	45
17	673	473	45
18	672	473	45
19	672	473	45
20	672	474	45
21	671	474	45
22	671	475	45
23	671	476	45
24	671	476	45
25	671	477	45
26	671	477	45
27	671	478	45
28	670	478	45
29	669	478	45
30	669	478	45
31	668	478	45
32	667	478	45
33	667	478	45
34	666	478	45
35	666	478	45
36	666	478	45
37	665	478	45
38	664	478	45
39	663	478	45
40	663	479	45
41	662	478	45
42	662	478	45
43	661	478	45
44	660	478	45
45	659	478	45
46	659	478	45
47	658	478	45
48	657	478	45
49	657	478	45
50	656	478	45
51	655	477	45
52	654	477	45
53	654	477	45
54	653	477	45
55	653	477	45
56	652	477	45
57	652	476	45
58	651	476	45
59	650	476	45
60	650	475	45
61	649	475	45
62	649	475	45
63	648	475	45
64	648	475	45
65	647	475	45
66	646	475	45
67	645	475	45
68	645	475	45
69	644	475	45
70	643	475	45
71	643	475	45
72	642	475	45
73	641	475	45
74	641	476	45
75	640	476	45
76	640	477	45
1	674	482	46
2	673	482	46
3	673	483	46
4	672	484	46
5	672	484	46
6	672	485	46
7	671	484	46
8	671	484	46
9	670	483	46
10	669	482	46
11	668	482	46
12	667	483	46
13	666	483	46
14	666	484	46
15	665	484	46
16	664	485	46
17	664	485	46
18	664	486	46
19	664	487	46
20	664	487	46
21	663	487	46
22	662	488	46
23	662	488	46
24	661	488	46
25	660	488	46
26	659	489	46
27	658	489	46
28	657	489	46
29	656	489	46
30	655	489	46
31	655	489	46
32	654	489	46
33	653	489	46
34	652	489	46
35	651	489	46
36	650	489	46
37	650	489	46
38	649	489	46
39	649	489	46
40	648	489	46
41	648	488	46
42	647	488	46
43	646	488	46
44	646	488	46
45	645	487	46
1	560	195	63
2	560	194	63
3	559	194	63
4	559	193	63
5	559	192	63
6	558	191	63
7	557	191	63
8	556	190	63
9	556	190	63
10	555	189	63
11	554	189	63
12	553	189	63
13	552	188	63
14	551	188	63
15	550	188	63
16	549	188	63
17	548	188	63
18	547	187	63
19	546	187	63
20	545	187	63
21	543	187	63
22	541	187	63
23	540	187	63
24	539	187	63
25	537	187	63
26	537	186	63
27	536	185	63
28	536	185	63
29	536	183	63
30	536	183	63
31	537	182	63
32	537	181	63
33	537	180	63
34	537	179	63
35	537	178	63
36	537	177	63
37	537	176	63
38	536	175	63
39	536	175	63
40	535	174	63
41	534	174	63
42	533	174	63
43	532	174	63
44	530	173	63
45	530	173	63
46	528	173	63
47	528	172	63
48	527	172	63
49	526	171	63
50	525	171	63
51	524	171	63
52	523	170	63
53	521	170	63
54	520	170	63
55	519	170	63
56	518	169	63
57	516	168	63
58	515	167	63
59	514	167	63
60	513	168	63
61	511	168	63
62	510	169	63
63	509	170	63
64	507	171	63
65	505	172	63
66	504	173	63
67	503	173	63
68	502	174	63
69	500	175	63
70	499	176	63
71	498	177	63
72	497	178	63
73	496	179	63
74	497	180	63
75	497	181	63
76	498	183	63
77	498	184	63
78	497	185	63
79	497	188	63
80	494	189	63
81	493	190	63
82	492	191	63
83	490	193	63
84	489	194	63
85	489	196	63
86	488	196	63
87	487	198	63
88	486	198	63
89	485	199	63
90	484	200	63
91	483	202	63
92	482	203	63
93	480	203	63
94	480	205	63
95	478	206	63
96	477	208	63
97	476	210	63
98	475	211	63
99	473	211	63
100	472	210	63
101	470	210	63
102	469	210	63
103	469	211	63
104	469	212	63
105	468	213	63
106	467	215	63
107	467	216	63
1	622	394	23
2	621	394	23
3	620	394	23
4	619	394	23
5	618	394	23
6	617	394	23
7	616	394	23
8	615	394	23
9	614	394	23
10	613	394	23
11	612	394	23
12	611	394	23
13	610	394	23
14	609	394	23
15	608	394	23
16	607	394	23
17	606	394	23
18	605	395	23
19	604	394	23
20	603	394	23
21	602	395	23
22	601	395	23
23	601	395	23
24	600	396	23
25	599	396	23
26	598	396	23
27	597	396	23
28	596	396	23
29	595	396	23
30	594	396	23
31	594	397	23
32	593	397	23
33	592	398	23
34	592	397	23
0	591	397	23
0	591	396	23
0	590	396	23
0	590	395	23
0	590	394	23
0	590	393	23
0	589	393	23
0	588	393	23
0	587	393	23
0	587	392	23
0	586	393	23
0	585	394	23
1	783	444	56
2	783	445	56
3	781	446	56
4	781	447	56
5	780	448	56
6	778	449	56
7	778	450	56
8	777	451	56
9	777	453	56
10	776	455	56
11	776	456	56
12	775	458	56
13	775	459	56
14	775	461	56
15	775	463	56
16	775	464	56
17	775	466	56
18	775	467	56
19	775	468	56
20	775	470	56
21	775	471	56
22	774	472	56
23	772	473	56
24	771	473	56
25	771	474	56
26	770	475	56
27	769	476	56
28	768	477	56
29	767	478	56
30	766	479	56
31	764	480	56
32	763	480	56
33	762	481	56
34	761	482	56
35	760	483	56
36	760	484	56
37	759	485	56
38	758	487	56
39	757	488	56
40	756	489	56
41	756	489	56
42	755	491	56
43	754	492	56
44	753	493	56
45	752	494	56
46	750	495	56
47	750	496	56
48	749	497	56
49	749	498	56
50	747	499	56
51	746	500	56
52	745	501	56
53	744	502	56
54	742	502	56
55	740	502	56
56	739	503	56
57	737	504	56
58	736	505	56
59	735	505	56
60	735	506	56
61	733	507	56
62	734	508	56
1	635	469	25
2	634	470	25
3	633	470	25
4	632	470	25
5	631	470	25
6	630	470	25
7	629	470	25
8	628	470	25
9	627	470	25
10	626	470	25
11	626	471	25
12	625	471	25
13	624	471	25
14	623	472	25
15	622	472	25
16	621	472	25
17	621	473	25
18	620	473	25
19	619	473	25
20	618	473	25
21	618	474	25
22	617	474	25
23	616	474	25
24	616	474	25
25	615	474	25
26	614	474	25
27	614	474	25
28	613	474	25
29	612	474	25
30	611	474	25
31	611	473	25
32	610	473	25
33	609	473	25
34	608	473	25
35	607	473	25
36	607	473	25
37	606	473	25
38	606	473	25
39	605	473	25
40	604	473	25
41	603	473	25
42	602	473	25
43	602	473	25
44	601	473	25
45	600	473	25
46	599	473	25
47	598	473	25
48	598	473	25
49	597	472	25
50	596	472	25
51	596	472	25
52	595	472	25
53	595	471	25
54	594	471	25
55	594	471	25
56	594	470	25
57	593	470	25
58	592	470	25
59	592	470	25
60	591	469	25
61	590	469	25
62	590	469	25
63	589	469	25
64	589	469	25
65	588	469	25
66	588	469	25
67	587	469	25
68	587	469	25
69	586	468	25
70	586	468	25
71	585	468	25
72	585	467	25
73	584	467	25
74	584	467	25
75	583	466	25
76	582	466	25
77	582	466	25
78	581	466	25
79	580	465	25
80	580	465	25
81	579	465	25
82	578	465	25
83	578	465	25
84	577	465	25
85	576	464	25
86	575	464	25
87	574	464	25
88	574	464	25
89	573	464	25
90	572	464	25
91	571	464	25
92	570	464	25
93	569	464	25
94	569	464	25
95	568	464	25
96	567	464	25
97	566	464	25
98	565	464	25
99	564	464	25
100	564	464	25
101	563	464	25
102	562	464	25
103	561	463	25
104	561	463	25
105	560	463	25
106	559	462	25
107	558	462	25
108	558	461	25
109	558	461	25
110	558	460	25
111	557	460	25
112	556	459	25
113	555	459	25
114	554	459	25
115	553	458	25
1	552	458	68
2	551	458	68
3	551	458	68
4	550	458	68
5	549	459	68
6	548	459	68
7	547	459	68
8	546	459	68
9	545	459	68
10	544	459	68
11	543	459	68
12	542	459	68
13	541	459	68
14	540	459	68
15	539	459	68
16	538	459	68
17	538	459	68
18	537	459	68
19	537	460	68
20	537	461	68
21	537	462	68
22	536	462	68
23	536	463	68
24	536	464	68
25	535	465	68
26	535	466	68
27	534	466	68
28	534	467	68
29	533	467	68
30	533	468	68
31	533	469	68
32	532	469	68
33	532	470	68
34	532	471	68
35	531	472	68
36	531	473	68
37	530	473	68
38	530	474	68
39	529	475	68
40	529	476	68
41	528	477	68
42	528	478	68
43	528	478	68
44	528	479	68
45	527	480	68
46	527	480	68
47	527	481	68
48	527	482	68
49	527	483	68
50	526	483	68
51	526	484	68
52	526	485	68
53	526	486	68
54	525	487	68
55	525	488	68
56	525	489	68
57	525	490	68
58	525	491	68
59	525	492	68
60	524	493	68
61	524	493	68
62	524	493	68
63	523	493	68
64	522	493	68
65	521	493	68
66	521	493	68
67	520	493	68
68	520	492	68
69	519	492	68
70	518	492	68
71	517	492	68
72	516	492	68
1	515	492	88
2	515	492	88
3	514	492	88
4	514	493	88
5	513	493	88
6	513	494	88
7	513	495	88
8	513	496	88
9	513	496	88
10	514	496	88
11	515	497	88
12	515	498	88
13	515	499	88
14	514	499	88
15	513	499	88
16	513	499	88
17	512	500	88
18	511	500	88
19	510	500	88
20	509	500	88
21	508	500	88
22	508	500	88
23	507	500	88
24	506	500	88
25	505	500	88
26	504	500	88
27	503	500	88
28	502	500	88
29	501	501	88
30	501	501	88
31	500	501	88
32	500	501	88
33	499	501	88
34	498	502	88
35	498	502	88
36	497	502	88
37	496	503	88
38	496	503	88
39	495	504	88
40	495	504	88
41	495	504	88
42	494	504	88
43	493	504	88
44	493	504	88
45	492	503	88
46	491	503	88
47	490	504	88
48	489	505	88
49	489	505	88
50	489	506	88
51	488	507	88
52	487	507	88
53	487	508	88
54	487	508	88
55	486	508	88
56	486	509	88
57	486	509	88
58	485	509	88
59	485	510	88
60	484	510	88
61	484	511	88
62	483	511	88
63	482	512	88
64	481	513	88
65	480	513	88
66	480	514	88
67	479	514	88
68	478	514	88
69	478	514	88
70	477	514	88
71	477	515	88
72	476	515	88
73	475	515	88
74	474	515	88
75	473	515	88
76	472	515	88
77	472	516	88
78	471	516	88
79	471	517	88
80	470	517	88
81	469	517	88
82	468	517	88
83	468	518	88
84	467	518	88
85	466	519	88
86	466	520	88
87	465	520	88
88	464	521	88
89	464	522	88
90	463	522	88
91	462	523	88
92	462	524	88
93	461	523	88
94	461	523	88
95	460	523	88
96	459	523	88
97	459	524	88
98	459	524	88
99	458	524	88
100	457	524	88
101	456	523	88
102	455	524	88
103	455	525	88
104	454	525	88
105	454	526	88
106	453	526	88
107	453	527	88
108	453	528	88
109	452	528	88
110	452	529	88
111	451	529	88
112	451	530	88
113	450	530	88
114	449	530	88
115	448	530	88
116	447	530	88
117	447	529	88
118	446	528	88
119	446	528	88
120	445	528	88
121	444	529	88
122	444	529	88
123	443	529	88
124	442	529	88
125	441	529	88
126	440	529	88
127	439	529	88
128	439	528	88
129	438	528	88
130	438	527	88
131	438	526	88
132	438	525	88
133	437	525	88
134	436	524	88
135	436	524	88
136	435	524	88
137	435	523	88
138	434	523	88
139	434	522	88
140	434	521	88
141	434	520	88
142	434	519	88
143	434	518	88
144	434	517	88
145	434	516	88
146	433	515	88
147	434	514	88
148	434	513	88
149	434	512	88
150	435	512	88
151	435	511	88
152	435	510	88
153	434	509	88
154	433	508	88
155	433	508	88
156	433	507	88
157	432	507	88
158	432	506	88
159	431	506	88
160	431	505	88
161	430	505	88
162	430	504	88
163	429	504	88
164	429	504	88
165	428	503	88
166	428	502	88
167	427	502	88
168	427	501	88
169	427	500	88
170	427	499	88
171	426	498	88
172	426	498	88
173	426	497	88
174	425	497	88
175	425	497	88
176	424	497	88
177	424	496	88
178	424	495	88
179	423	494	88
180	423	493	88
181	423	492	88
182	423	492	88
183	423	491	88
184	423	490	88
185	423	489	88
186	422	488	88
187	422	487	88
188	421	486	88
189	421	485	88
190	421	484	88
191	422	483	88
192	422	483	88
193	422	482	88
194	421	482	88
195	420	482	88
196	420	481	88
197	419	481	88
198	418	480	88
199	418	479	88
200	418	478	88
201	417	478	88
202	417	477	88
203	416	476	88
204	416	476	88
205	415	475	88
206	415	475	88
207	414	474	88
208	414	474	88
209	414	473	88
210	413	473	88
211	413	472	88
212	413	472	88
213	412	471	88
214	412	470	88
215	412	470	88
216	412	469	88
217	412	468	88
218	411	467	88
219	411	466	88
220	411	466	88
221	412	465	88
222	412	464	88
223	412	464	88
224	412	463	88
225	412	463	88
226	412	462	88
227	412	462	88
228	411	461	88
229	411	461	88
230	411	460	88
231	411	459	88
232	411	458	88
233	411	457	88
234	410	457	88
235	409	457	88
236	409	458	88
237	409	458	88
238	409	459	88
239	408	460	88
240	408	460	88
241	407	461	88
242	407	461	88
243	406	462	88
244	405	462	88
245	405	462	88
246	404	463	88
247	403	463	88
248	402	463	88
249	402	463	88
250	401	463	88
251	400	464	88
252	400	464	88
253	399	464	88
254	399	465	88
255	398	465	88
256	397	466	88
257	396	466	88
258	396	466	88
259	395	467	88
260	395	467	88
261	394	468	88
262	393	468	88
263	393	469	88
264	393	469	88
265	392	469	88
266	391	470	88
267	390	470	88
268	390	471	88
269	389	471	88
270	389	471	88
271	388	472	88
272	388	472	88
273	387	473	88
274	387	473	88
275	386	473	88
276	386	473	88
277	385	474	88
278	385	474	88
279	384	474	88
280	383	474	88
281	383	475	88
282	382	475	88
283	381	475	88
284	381	475	88
285	380	475	88
286	380	476	88
287	379	476	88
288	378	476	88
289	378	476	88
290	377	476	88
291	376	476	88
292	376	477	88
293	375	477	88
294	374	477	88
295	373	477	88
296	373	477	88
297	372	478	88
298	372	478	88
299	371	478	88
300	370	479	88
301	370	479	88
302	369	479	88
303	368	480	88
304	368	480	88
305	367	480	88
306	366	480	88
307	366	481	88
308	365	481	88
309	365	481	88
310	364	481	88
1	634	350	20
2	633	350	20
3	632	350	20
4	631	350	20
5	631	351	20
6	630	351	20
7	629	351	20
8	628	352	20
9	628	352	20
10	627	351	20
11	626	351	20
12	625	351	20
13	625	351	20
14	625	350	20
15	624	350	20
16	624	349	20
17	623	349	20
18	622	349	20
19	621	348	20
20	620	348	20
21	619	348	20
22	619	348	20
23	618	349	20
24	617	349	20
25	616	349	20
26	616	349	20
27	615	349	20
28	614	349	20
29	613	349	20
30	612	348	20
31	612	348	20
32	611	348	20
33	610	348	20
34	609	348	20
35	609	348	20
36	608	349	20
37	607	348	20
38	607	349	20
1	630	354	21
2	630	354	21
3	629	354	21
4	628	354	21
5	628	354	21
6	627	354	21
7	626	354	21
8	626	354	21
9	625	354	21
10	625	355	21
11	624	355	21
12	623	354	21
13	622	354	21
14	622	354	21
15	622	354	21
16	621	355	21
17	620	355	21
18	619	355	21
19	618	355	21
20	618	356	21
21	617	356	21
22	616	356	21
23	615	356	21
24	615	356	21
25	614	356	21
26	613	355	21
27	613	355	21
28	612	355	21
29	611	355	21
30	610	354	21
31	609	354	21
32	608	354	21
33	608	355	21
34	608	356	21
35	608	356	21
36	608	357	21
37	607	357	21
38	607	358	21
39	607	359	21
40	608	360	21
41	608	361	21
42	608	362	21
43	608	363	21
44	608	363	21
45	608	364	21
46	608	365	21
47	608	366	21
1	632	441	24
2	631	440	24
3	631	440	24
4	630	440	24
5	630	440	24
6	629	440	24
7	629	440	24
8	628	441	24
9	627	441	24
10	627	441	24
11	626	441	24
12	626	440	24
13	625	440	24
14	624	440	24
15	624	440	24
16	623	440	24
17	623	440	24
18	622	440	24
19	621	439	24
20	621	439	24
21	620	439	24
22	620	439	24
23	619	439	24
24	619	438	24
25	618	437	24
26	618	437	24
27	618	436	24
28	617	436	24
29	616	436	24
30	616	436	24
31	615	437	24
32	615	437	24
33	615	438	24
34	615	439	24
35	616	439	24
36	616	440	24
37	616	441	24
38	616	441	24
39	616	442	24
40	617	443	24
41	617	443	24
42	617	444	24
43	617	445	24
44	617	445	24
45	617	446	24
46	617	446	24
47	616	447	24
48	616	448	24
49	615	448	24
50	615	448	24
51	615	449	24
52	614	449	24
53	614	450	24
54	613	450	24
55	613	451	24
56	612	451	24
57	612	451	24
58	611	452	24
59	610	452	24
60	609	452	24
61	609	453	24
62	609	454	24
63	608	455	24
64	608	456	24
65	608	457	24
66	607	458	24
67	607	459	24
68	607	459	24
69	606	460	24
70	606	461	24
71	605	462	24
72	605	463	24
73	604	463	24
74	603	464	24
75	603	465	24
76	602	465	24
77	602	466	24
78	601	467	24
79	600	468	24
80	600	469	24
81	599	470	24
82	599	471	24
83	598	471	24
84	597	471	24
85	597	472	24
86	596	472	24
1	653	500	26
2	651	501	26
3	650	501	26
4	649	500	26
5	647	499	26
6	646	499	26
7	646	498	26
8	644	498	26
9	643	499	26
10	641	500	26
11	639	500	26
12	637	501	26
13	636	501	26
14	635	502	26
15	634	503	26
16	633	504	26
17	632	503	26
18	631	502	26
19	630	501	26
20	629	500	26
21	629	498	26
22	629	497	26
23	628	496	26
24	626	496	26
25	624	496	26
26	623	495	26
27	622	494	26
28	621	494	26
29	620	493	26
30	618	491	26
31	617	490	26
32	616	489	26
33	615	488	26
34	614	488	26
35	612	488	26
36	609	487	26
37	608	486	26
38	606	485	26
39	604	485	26
40	602	485	26
41	601	484	26
42	599	484	26
43	597	483	26
44	595	482	26
45	594	482	26
46	594	482	26
1	667	519	27
2	665	519	27
3	665	518	27
4	664	518	27
5	663	518	27
6	662	517	27
7	662	518	27
8	661	518	27
9	660	518	27
10	659	518	27
11	658	518	27
12	657	518	27
13	656	519	27
14	656	518	27
15	655	518	27
16	654	518	27
17	653	518	27
18	653	518	27
19	652	518	27
20	652	519	27
21	651	518	27
22	650	518	27
23	650	517	27
1	666	537	28
2	665	537	28
3	665	537	28
4	664	536	28
5	664	536	28
6	663	536	28
7	662	536	28
8	661	536	28
9	660	536	28
10	659	536	28
11	658	536	28
12	657	536	28
13	657	535	28
14	656	535	28
15	655	535	28
16	655	534	28
17	654	534	28
18	653	534	28
19	653	533	28
20	652	533	28
21	651	533	28
22	651	534	28
23	650	534	28
24	650	535	28
25	649	535	28
26	649	536	28
27	649	537	28
28	648	537	28
29	648	538	28
30	647	539	28
31	646	540	28
32	646	540	28
33	645	540	28
34	645	541	28
35	644	541	28
36	644	542	28
37	643	542	28
38	642	542	28
39	642	543	28
40	641	543	28
41	640	543	28
42	640	544	28
43	639	544	28
44	638	544	28
45	637	544	28
46	637	544	28
47	636	544	28
48	635	544	28
49	635	545	28
50	634	545	28
1	642	614	29
2	642	613	29
3	641	612	29
4	641	611	29
5	641	611	29
6	640	611	29
7	640	610	29
8	639	609	29
9	639	608	29
10	639	607	29
11	638	607	29
12	638	606	29
13	638	605	29
14	637	605	29
15	637	604	29
16	637	603	29
17	636	602	29
18	635	601	29
19	635	600	29
20	634	600	29
21	633	600	29
22	634	599	29
23	634	599	29
24	634	598	29
25	634	597	29
26	635	597	29
27	635	596	29
28	634	595	29
29	634	594	29
30	634	593	29
31	633	592	29
32	633	591	29
33	633	590	29
34	633	589	29
35	633	588	29
36	632	587	29
37	631	587	29
38	630	587	29
39	629	587	29
40	628	586	29
41	627	586	29
42	626	585	29
43	625	585	29
44	625	584	29
45	624	584	29
46	623	584	29
47	623	583	29
48	623	583	29
49	622	583	29
50	622	582	29
51	621	582	29
52	624	585	29
53	623	586	29
54	622	586	29
55	621	585	29
56	620	585	29
57	620	584	29
58	619	585	29
59	618	585	29
60	617	586	29
61	616	587	29
62	615	588	29
63	614	588	29
64	613	588	29
65	612	588	29
66	611	589	29
67	610	589	29
68	609	589	29
69	608	589	29
70	607	589	29
71	606	589	29
72	605	589	29
73	604	589	29
74	604	588	29
75	603	588	29
76	602	587	29
77	601	587	29
78	600	586	29
79	600	587	29
1	633	622	30
2	632	622	30
3	631	621	30
4	630	621	30
5	629	621	30
6	628	621	30
7	627	620	30
8	626	620	30
9	625	619	30
10	624	619	30
11	623	619	30
12	622	618	30
13	621	618	30
14	620	618	30
15	619	617	30
16	618	617	30
17	617	617	30
18	616	617	30
19	615	618	30
20	614	618	30
21	613	618	30
22	612	618	30
23	611	618	30
24	610	617	30
25	609	617	30
26	608	617	30
27	607	616	30
28	606	616	30
29	605	616	30
30	604	615	30
31	603	615	30
32	602	614	30
33	602	614	30
34	601	614	30
35	601	615	30
36	600	615	30
37	599	616	30
38	599	617	30
39	598	617	30
40	598	618	30
41	597	618	30
42	597	617	30
43	596	617	30
44	595	617	30
45	594	616	30
46	593	616	30
47	592	616	30
48	591	616	30
49	590	616	30
50	589	616	30
51	589	615	30
52	588	615	30
53	587	615	30
54	586	614	30
55	586	615	30
56	586	616	30
57	585	617	30
58	586	617	30
59	586	618	30
60	586	619	30
61	586	619	30
62	587	619	30
63	587	620	30
64	587	621	30
65	587	622	30
66	587	623	30
67	587	624	30
68	587	625	30
69	586	625	30
70	586	625	30
71	585	625	30
72	584	625	30
73	583	625	30
74	582	625	30
75	581	625	30
76	580	625	30
77	579	624	30
78	578	623	30
79	577	623	30
80	577	622	30
81	576	622	30
82	576	621	30
83	575	621	30
84	574	620	30
85	574	619	30
86	573	619	30
87	573	618	30
88	573	617	30
89	572	617	30
90	572	616	30
91	572	616	30
92	572	615	30
93	572	614	30
94	571	614	30
95	571	613	30
96	571	612	30
97	571	611	30
98	571	610	30
99	571	609	30
100	571	609	30
101	571	608	30
102	572	607	30
103	572	606	30
104	572	605	30
105	573	605	30
106	573	604	30
107	573	603	30
108	573	602	30
109	573	601	30
110	572	601	30
111	572	600	30
112	572	600	30
113	571	599	30
114	571	598	30
115	571	597	30
116	571	596	30
117	571	595	30
118	571	595	30
119	570	594	30
120	570	593	30
121	570	592	30
122	570	591	30
123	570	590	30
124	570	589	30
125	570	588	30
126	570	587	30
127	569	586	30
128	569	585	30
129	569	584	30
130	570	584	30
131	570	583	30
132	570	582	30
133	570	581	30
134	570	580	30
135	570	579	30
136	570	578	30
137	569	577	30
138	569	576	30
139	569	575	30
140	568	574	30
141	569	574	30
142	569	574	30
143	570	574	30
144	571	573	30
145	571	573	30
146	571	572	30
147	572	572	30
148	572	571	30
149	572	571	30
150	572	570	30
151	572	569	30
152	572	568	30
153	571	568	30
154	571	568	30
155	571	567	30
156	571	567	30
157	570	566	30
158	569	566	30
159	569	565	30
160	569	564	30
161	568	563	30
162	568	562	30
163	568	561	30
164	568	561	30
165	567	560	30
166	567	560	30
167	567	559	30
168	568	558	30
169	568	557	30
170	568	556	30
171	569	555	30
172	569	554	30
173	569	553	30
174	570	552	30
175	570	551	30
176	570	550	30
177	570	549	30
178	570	548	30
179	570	548	30
180	570	547	30
181	570	546	30
182	570	545	30
183	569	544	30
184	569	543	30
185	569	542	30
186	568	542	30
187	568	541	30
188	567	540	30
189	567	540	30
190	566	540	30
191	565	540	30
192	565	539	30
193	564	539	30
194	563	539	30
195	562	538	30
196	561	538	30
197	560	538	30
198	559	538	30
199	559	538	30
200	558	538	30
201	557	537	30
202	556	537	30
203	555	537	30
204	554	536	30
205	553	536	30
206	552	536	30
207	551	535	30
208	550	535	30
1	553	638	69
2	552	638	69
3	552	637	69
4	551	636	69
5	550	636	69
6	550	635	69
7	549	635	69
8	549	634	69
9	549	634	69
10	549	633	69
11	548	633	69
12	548	632	69
13	548	631	69
14	548	630	69
15	548	629	69
16	548	629	69
17	548	628	69
18	548	628	69
19	548	627	69
20	548	627	69
21	548	626	69
22	549	625	69
23	549	625	69
24	549	624	69
25	548	624	69
26	548	623	69
27	547	623	69
28	547	623	69
29	546	622	69
30	546	622	69
31	545	622	69
32	545	622	69
33	544	622	69
34	543	621	69
35	543	621	69
36	542	621	69
37	541	621	69
38	540	620	69
39	540	620	69
40	539	619	69
41	539	619	69
42	539	618	69
43	538	618	69
44	538	617	69
45	538	616	69
46	537	616	69
47	537	615	69
48	537	615	69
49	536	614	69
50	536	613	69
51	536	613	69
52	535	612	69
53	535	611	69
54	534	610	69
55	534	610	69
56	533	609	69
57	533	609	69
58	533	608	69
59	532	608	69
60	532	607	69
61	532	607	69
62	531	606	69
63	531	605	69
64	531	605	69
65	531	604	69
66	531	603	69
67	530	603	69
68	530	602	69
69	530	602	69
70	529	602	69
71	530	601	69
72	530	601	69
73	530	600	69
74	530	600	69
75	530	600	69
76	530	599	69
77	530	599	69
78	530	598	69
79	529	597	69
80	529	597	69
81	529	596	69
82	528	596	69
83	528	595	69
84	527	595	69
85	527	595	69
86	527	595	69
87	526	594	69
88	526	593	69
89	525	593	69
90	525	593	69
91	524	592	69
92	524	592	69
93	523	591	69
94	523	591	69
95	523	591	69
96	522	590	69
97	522	590	69
98	521	590	69
99	521	589	69
100	520	589	69
101	520	589	69
102	520	588	69
103	519	588	69
104	519	587	69
105	518	587	69
106	518	586	69
107	518	586	69
108	517	586	69
109	516	586	69
110	515	586	69
111	515	586	69
112	514	586	69
113	514	585	69
114	513	585	69
115	512	585	69
116	511	584	69
117	511	584	69
118	510	584	69
119	509	584	69
120	508	583	69
121	508	583	69
122	508	582	69
123	508	582	69
124	507	581	69
125	506	581	69
126	506	580	69
127	505	580	69
128	505	579	69
129	504	579	69
130	504	578	69
131	504	577	69
132	503	577	69
133	503	576	69
134	503	575	69
135	503	575	69
136	503	575	69
137	502	574	69
138	502	573	69
139	502	573	69
140	501	572	69
141	501	572	69
142	500	571	69
143	500	570	69
144	500	570	69
145	500	569	69
146	499	568	69
147	499	568	69
148	499	567	69
149	499	566	69
150	498	566	69
151	498	565	69
152	498	564	69
153	498	564	69
154	498	563	69
155	498	562	69
156	498	562	69
157	498	561	69
158	497	560	69
159	497	560	69
160	497	559	69
161	497	559	69
162	496	558	69
163	496	558	69
164	495	558	69
165	495	558	69
166	494	558	69
167	493	558	69
168	493	558	69
169	492	558	69
170	492	558	69
171	491	558	69
172	490	558	69
173	489	557	69
174	489	557	69
175	488	557	69
176	487	557	69
177	487	557	69
178	486	557	69
179	486	557	69
180	485	556	69
181	484	556	69
182	484	556	69
183	483	556	69
184	483	556	69
185	482	556	69
186	482	556	69
187	481	556	69
188	480	556	69
189	480	556	69
190	479	556	69
191	478	556	69
192	478	556	69
193	477	556	69
194	476	556	69
195	476	556	69
196	475	556	69
197	474	556	69
198	473	557	69
199	473	557	69
200	472	557	69
201	472	558	69
202	471	557	69
203	471	556	69
204	471	556	69
205	470	556	69
206	470	555	69
207	469	555	69
208	469	554	69
209	468	555	69
210	467	555	69
211	467	555	69
212	466	555	69
213	465	556	69
214	465	556	69
215	464	556	69
216	464	556	69
217	463	556	69
218	463	557	69
219	462	556	69
220	461	556	69
221	460	556	69
222	460	556	69
223	460	556	69
224	459	555	69
225	459	555	69
226	458	555	69
227	458	555	69
228	457	554	69
229	457	554	69
230	456	554	69
231	456	553	69
232	455	553	69
233	455	553	69
234	454	552	69
235	454	552	69
236	454	552	69
237	453	552	69
238	453	552	69
239	452	553	69
240	452	553	69
241	451	554	69
242	451	555	69
243	450	555	69
244	450	556	69
245	450	557	69
246	449	557	69
247	449	558	69
248	449	559	69
249	448	559	69
250	447	559	69
251	447	559	69
252	446	559	69
253	445	559	69
254	445	559	69
255	444	559	69
256	443	560	69
257	443	560	69
258	442	560	69
259	442	561	69
260	441	561	69
261	441	561	69
262	440	562	69
263	439	562	69
264	439	562	69
265	438	562	69
266	437	562	69
267	437	562	69
268	436	563	69
269	436	563	69
270	435	562	69
271	434	562	69
272	434	562	69
273	433	561	69
274	433	561	69
275	432	561	69
276	432	561	69
277	431	561	69
278	431	561	69
279	430	560	69
280	429	560	69
281	429	560	69
282	428	560	69
283	427	560	69
284	427	560	69
285	426	560	69
286	426	559	69
287	425	559	69
288	425	559	69
289	424	559	69
290	424	559	69
291	423	559	69
292	422	559	69
293	422	559	69
294	421	560	69
295	421	560	69
296	420	561	69
297	419	561	69
298	419	562	69
299	419	562	69
300	418	562	69
301	418	563	69
302	418	564	69
303	418	564	69
304	418	564	69
305	418	565	69
306	418	566	69
307	417	566	69
308	417	567	69
309	417	568	69
310	417	568	69
311	417	569	69
312	417	570	69
313	418	571	69
314	418	572	69
315	418	572	69
316	418	573	69
317	418	573	69
318	418	574	69
319	419	575	69
320	419	576	69
321	419	577	69
322	419	577	69
323	420	578	69
324	420	578	69
325	420	579	69
326	420	580	69
327	420	581	69
328	421	581	69
329	421	582	69
330	422	583	69
331	422	583	69
332	422	584	69
333	422	585	69